"site"	"x"	"y"	"round"	"date"	"time"	"depth"	"swp"	"swc"	"rain"	"outlier"	"exclude"	"medianswp"
1	812	437.5	"Feb 2015"	2015-02-27	"11:00"	15	-0.38	33.44032682	0	0	0	-0.38
1	812	437.5	"Mar 2016"	2016-03-15	"14:25"	15	-1.05	30.5210458	0	0	0	-0.38
1	812	437.5	"Mar 2015"	2015-03-25	"14:30"	14	-0.3	24.02244973	0	0	0	-0.38
1	812	437.5	"Apr 2015"	2015-04-13	"11:05"	16	-0.44	33.51882634	1	0	1	-0.38
2	828.5	428.5	"Mar 2015"	2015-03-25	"14:24"	13	-0.28	28.00299053	0	0	0	-0.39
2	828.5	428.5	"Mar 2016"	2016-03-14	"8:57"	14	-1.12	22.53977273	0	0	0	-0.39
2	828.5	428.5	"Feb 2015"	2015-02-27	"10:55"	14	-0.39	24.95971551	0	0	0	-0.39
2	828.5	428.5	"Apr 2015"	2015-04-13	"10:58"	14	-0.23	23.98760026	1	0	1	-0.39
3	827.5	432.5	"Mar 2015"	2015-03-23	"8:55"	14	-0.9	24.61167002	0	0	0	-0.925
3	827.5	432.5	"Feb 2015"	2015-02-23	"10:11"	14	-0.5	21.52633239	0	1	1	-0.925
3	827.5	432.5	"Apr 2015"	2015-04-13	"10:55"	14	-0.86	21.40851801	1	1	1	-0.925
3	827.5	432.5	"Mar 2016"	2016-03-15	"14:22"	14	-0.95	23.80843	0	0	0	-0.925
4	843	409	"Apr 2015"	2015-04-06	"9:00"	14	-0.68	27.8464464	0	0	0	-0.68
4	843	409	"Mar 2015"	2015-03-23	"9:04"	13	-1.13	28.70844451	0	0	0	-0.68
4	843	409	"Feb 2015"	2015-02-23	"10:27"	14.5	-0.1	34.18463156	0	0	0	-0.68
4	843	409	"Mar 2016"	2016-03-14	"9:08"	13	-0.35	20.3032433	0	1	1	-0.68
5	834	392.5	"Apr 2015"	2015-04-13	"10:50"	16	0	33.35099137	1	0	1	-0.64
5	834	392.5	"Mar 2016"	2016-03-15	"14:20"	14	-0.75	28.66174921	0	0	0	-0.64
5	834	392.5	"Feb 2015"	2015-02-27	"10:50"	15	-0.14	35.56888117	0	0	0	-0.64
5	834	392.5	"Mar 2015"	2015-03-25	"14:20"	15	-0.64	27.19851046	0	0	0	-0.64
6	860	387	"Mar 2015"	2015-03-25	"14:17"	16	0	40.79271295	0	0	0	-0.02
6	860	387	"Apr 2015"	2015-04-13	"10:48"	15	0	34.63695736	1	0	1	-0.02
6	860	387	"Feb 2015"	2015-02-26	"13:35"	15	-0.02	43.7906398	0	0	0	-0.02
6	860	387	"Mar 2016"	2016-03-14	"9:52"	17	-0.23	38.54702767	0	0	0	-0.02
7	851	369.5	"Mar 2015"	2015-03-25	"14:14"	15	-0.69	32.84537237	0	0	0	-0.69
7	851	369.5	"Mar 2016"	2016-03-16	"9:57"	15.5	-0.75	33.48079162	0	0	0	-0.69
7	851	369.5	"Feb 2015"	2015-02-27	"10:46"	16	-0.33	38.22269055	0	0	0	-0.69
7	851	369.5	"Apr 2015"	2015-04-13	"10:46"	15	-0.26	33.78076063	1	0	1	-0.69
8	858	350	"Feb 2015"	2015-02-23	"10:43"	15	-0.07	44.61249329	0	0	0	-0.4
8	858	350	"Mar 2016"	2016-03-15	"14:16"	15	-0.4	32.39922074	0	0	0	-0.4
8	858	350	"Mar 2015"	2015-03-23	"9:10"	15	-0.6	35.05425271	0	0	0	-0.4
8	858	350	"Apr 2015"	2015-04-13	"10:41"	15	-0.39	34.00513238	1	0	1	-0.4
9	846	339	"Apr 2015"	2015-04-06	"9:15"	20	0	34.18884939	0	0	0	-0.135
9	846	339	"Mar 2015"	2015-03-23	"9:17"	13	-0.2	35.48082967	0	0	0	-0.135
9	846	339	"Feb 2015"	2015-02-23	"10:54"	15	-0.07	37.45834876	0	0	0	-0.135
9	846	339	"Mar 2016"	2016-03-14	"10:00"	15	-0.7	33.67528614	0	0	0	-0.135
10	864	337	"Feb 2015"	2015-02-26	"13:31"	15	-0.03	42.04150784	0	0	0	-0.2
10	864	337	"Apr 2015"	2015-04-13	"10:34"	15	-0.03	36.00170503	1	0	1	-0.2
10	864	337	"Mar 2016"	2016-03-15	"14:13"	16	-0.38	36.98104152	0	0	0	-0.2
10	864	337	"Mar 2015"	2015-03-25	"14:10"	15.5	-0.2	34.77982044	0	0	0	-0.2
11	852.5	319.5	"Mar 2015"	2015-03-25	"14:06"	15	-0.02	34.42072646	0	0	0	-0.02
11	852.5	319.5	"Mar 2016"	2016-03-15	"14:10"	13.5	-0.4	31.39681539	0	0	0	-0.02
11	852.5	319.5	"Apr 2015"	2015-04-13	"10:30"	16	-0.1	35.7266591	1	0	1	-0.02
11	852.5	319.5	"Feb 2015"	2015-02-26	"13:28"	18	0	39.49152542	0	0	0	-0.02
12	868.5	311.5	"Mar 2016"	2016-03-16	"9:55"	15	-0.18	36.00706714	0	0	0	-0.18
12	868.5	311.5	"Apr 2015"	2015-04-13	"10:26"	16	-0.21	34.51712521	1	0	1	-0.18
12	868.5	311.5	"Feb 2015"	2015-02-23	"11:06"	14	-0.12	40.9464608	0	0	0	-0.18
12	868.5	311.5	"Mar 2015"	2015-03-23	"9:24"	16	-0.38	34.30502082	0	0	0	-0.18
13	861	298	"Mar 2016"	2016-03-14	"10:15"	15	-0.32	34.24563543	0	0	0	-0.05
13	861	298	"Apr 2015"	2015-04-13	"10:14"	16	-0.01	37.33118478	1	0	1	-0.05
13	861	298	"Mar 2015"	2015-03-25	"14:02"	16	-0.05	36.21323529	0	0	0	-0.05
13	861	298	"Feb 2015"	2015-02-27	"10:43"	15	0	46.55238095	0	0	0	-0.05
14	877	287.5	"Apr 2015"	2015-04-13	"10:21"	14	0	38.89786808	1	0	1	-0.09
14	877	287.5	"Mar 2015"	2015-03-23	"9:30"	15	-0.13	37.91321394	0	0	0	-0.09
14	877	287.5	"Mar 2016"	2016-03-15	"14:06"	15.5	-0.09	35.20049791	0	0	0	-0.09
14	877	287.5	"Feb 2015"	2015-02-26	"13:25"	15	-0.04	43.3455136	0	0	0	-0.09
15	862	271	"Mar 2015"	2015-03-25	"14:00"	16	-0.57	31.55708092	0	0	0	-0.43
15	862	271	"Feb 2015"	2015-02-27	"10:36"	16	-0.37	36.29952677	0	0	0	-0.43
15	862	271	"Mar 2016"	2016-03-16	"9:50"	15	-0.43	32.58212646	0	0	0	-0.43
15	862	271	"Apr 2015"	2015-04-13	"10:16"	15	-0.34	32.59403372	1	0	1	-0.43
16	878.5	259.5	"Feb 2015"	2015-02-26	"13:21"	15	-0.02	38.5856833	0	0	0	-0.2
16	878.5	259.5	"Mar 2015"	2015-03-25	"13:57"	16	-0.2	34.2010772	0	0	0	-0.2
16	878.5	259.5	"Mar 2016"	2016-03-15	"14:03"	15	-0.39	33.08977035	0	0	0	-0.2
16	878.5	259.5	"Apr 2015"	2015-04-13	"10:12"	15	0	34.03107926	1	0	1	-0.2
17	873	244	"Apr 2015"	2015-04-06	"9:25"	16	-0.03	31.60220994	0	0	0	-0.185
17	873	244	"Feb 2015"	2015-02-26	"13:18"	16	-0.04	39.22516241	0	0	0	-0.185
17	873	244	"Mar 2015"	2015-03-25	"13:50"	15	-0.33	33.8213636	0	0	0	-0.185
17	873	244	"Mar 2016"	2016-03-14	"10:25"	15	-0.63	31.169671	0	0	0	-0.185
18	885	239	"Feb 2015"	2015-02-26	"13:15"	15	-0.02	33.3070935	0	0	0	-0.31
18	885	239	"Apr 2015"	2015-04-13	"10:08"	16	-0.11	32.34682562	1	0	1	-0.31
18	885	239	"Mar 2016"	2016-03-15	"14:00"	14	-0.31	32.39942529	0	0	0	-0.31
18	885	239	"Mar 2015"	2015-03-25	"13:48"	14	-0.56	28.12158321	0	0	0	-0.31
19	886	220	"Mar 2015"	2015-03-25	"13:45"	17	-0.61	32.49427918	0	0	0	-0.34
19	886	220	"Feb 2015"	2015-02-26	"13:11"	15	0	38.53065044	0	0	0	-0.34
19	886	220	"Mar 2016"	2016-03-16	"9:47"	14.5	-0.34	34.2921061	0	0	0	-0.34
19	886	220	"Apr 2015"	2015-04-13	"10:06"	15	-0.26	32.51628265	1	0	1	-0.34
20	913	223	"Mar 2016"	2016-03-16	"9:43"	15	-0.71	33.29438202	0	0	0	-0.71
21	908	208	"Mar 2015"	2015-03-23	"9:45"	15.5	-0.43	34.49854715	0	0	0	-0.19
21	908	208	"Mar 2016"	2016-03-14	"10:35"	14	-0.19	30.84075688	0	0	0	-0.19
21	908	208	"Feb 2015"	2015-02-26	"12:57"	15	-0.12	43.04675458	0	0	0	-0.19
21	908	208	"Apr 2015"	2015-04-13	"10:00"	16	0	37.53602899	1	0	1	-0.19
22	928.5	206	"Mar 2015"	2015-03-23	"9:51"	15	-0.42	33.77520538	0	0	0	-0.34
22	928.5	206	"Feb 2015"	2015-02-26	"12:54"	16	0	37.67525269	0	0	0	-0.34
22	928.5	206	"Apr 2015"	2015-04-13	"9:57"	16	-0.16	31.70934092	1	0	1	-0.34
22	928.5	206	"Mar 2016"	2016-03-16	"9:40"	15.5	-0.34	28.63875579	0	0	0	-0.34
23	916	187	"Apr 2015"	2015-04-13	"9:53"	15	0	34.36597343	1	0	1	-0.28
23	916	187	"Feb 2015"	2015-02-27	"10:34"	17	0	42.82910747	0	0	0	-0.28
23	916	187	"Mar 2016"	2016-03-16	"9:37"	15	-0.6	32.84029389	0	0	0	-0.28
23	916	187	"Mar 2015"	2015-03-25	"13:40"	16	-0.28	33.65922955	0	0	0	-0.28
24	936.5	172.5	"Feb 2015"	2015-02-26	"12:51"	16	-0.28	35.30452363	0	0	0	-0.6
24	936.5	172.5	"Mar 2016"	2016-03-14	"10:40"	13	-0.79	28.48334562	0	0	0	-0.6
24	936.5	172.5	"Mar 2015"	2015-03-25	"13:38"	16	-0.65	31.54337214	0	0	0	-0.6
24	936.5	172.5	"Apr 2015"	2015-04-06	"9:58"	15	-0.55	30.73035128	0	0	0	-0.6
25	914.5	164	"Mar 2016"	2016-03-15	"13:56"	16	-0.9	29.37920127	0	0	0	-0.9
25	914.5	164	"Mar 2015"	2015-03-23	"10:00"	15	-1.98	31.12795103	0	0	0	-0.9
25	914.5	164	"Feb 2015"	2015-02-28	"16:00"	16	-0.02	33.34391366	0	0	0	-0.9
25	914.5	164	"Apr 2015"	2015-04-13	"9:50"	16	-0.54	32.38462562	1	0	1	-0.9
26	931	147	"Mar 2016"	2016-03-15	"13:52"	15.5	-0.71	29.0873498	0	0	0	-0.71
26	931	147	"Feb 2015"	2015-02-26	"12:47"	15	-0.37	36.16346502	0	0	0	-0.71
26	931	147	"Apr 2015"	2015-04-13	"9:46"	15	-0.49	31.1863052	1	0	1	-0.71
26	931	147	"Mar 2015"	2015-03-25	"13:34"	17	-0.76	29.58749538	0	0	0	-0.71
27	922.5	132	"Apr 2015"	2015-04-13	"9:43"	15	-0.73	27.73240947	1	0	1	-0.81
27	922.5	132	"Mar 2016"	2016-03-15	"13:49"	15	-1.31	32.1080705	0	0	0	-0.81
27	922.5	132	"Mar 2015"	2015-03-25	"13:30"	15	-0.81	27.64550265	0	0	0	-0.81
27	922.5	132	"Feb 2015"	2015-02-26	"12:42"	17	-0.5	34.46557971	0	0	0	-0.81
28	946	123	"Mar 2015"	2015-03-23	"10:05"	14	-1.21	30.77009683	0	0	0	-0.495
28	946	123	"Mar 2016"	2016-03-14	"10:56"	15	-0.38	33.00867952	0	0	0	-0.495
28	946	123	"Apr 2015"	2015-04-06	"10:04"	18	-0.48	30.61990059	0	0	0	-0.495
28	946	123	"Feb 2015"	2015-02-26	"12:40"	14	-0.51	33.42109882	0	0	0	-0.495
29	926	107	"Apr 2015"	2015-04-13	"9:40"	15	-0.35	31.27876726	1	0	1	-0.43
29	926	107	"Feb 2015"	2015-02-26	"12:37"	16	-0.19	34.68151178	0	0	0	-0.43
29	926	107	"Mar 2015"	2015-03-25	"13:26"	15	-0.77	31.81462482	0	0	0	-0.43
29	926	107	"Mar 2016"	2016-03-15	"13:45"	14	-0.43	29.95103578	0	0	0	-0.43
30	953	102	"Mar 2015"	2015-03-23	"10:14"	15	-0.89	33.62379238	0	0	0	-0.88
30	953	102	"Mar 2016"	2016-03-14	"11:15"	17.5	-0.88	34.82060718	0	0	0	-0.88
30	953	102	"Apr 2015"	2015-04-13	"9:36"	14	-0.52	35.08391987	1	0	1	-0.88
30	953	102	"Feb 2015"	2015-02-23	"14:25"	16	-0.04	37.39507687	0	0	0	-0.88
31	942.5	82.5	"Apr 2015"	2015-04-13	"9:32"	16	-0.58	35.72736352	1	0	1	-0.53
31	942.5	82.5	"Mar 2016"	2016-03-16	"9:30"	15	-0.53	31.25069856	0	0	0	-0.53
31	942.5	82.5	"Feb 2015"	2015-02-27	"10:22"	15	-0.09	43.34945055	0	0	0	-0.53
31	942.5	82.5	"Mar 2015"	2015-03-25	"13:24"	16	-0.79	33.71725803	0	0	0	-0.53
32	963.5	79	"Apr 2015"	2015-04-13	"9:29"	16	-0.56	30.65917903	1	0	1	-0.36
32	963.5	79	"Feb 2015"	2015-02-26	"12:33"	16	0	37.30328347	0	0	0	-0.36
32	963.5	79	"Mar 2016"	2016-03-15	"13:42"	14	-0.71	29.85954838	0	0	0	-0.36
32	963.5	79	"Mar 2015"	2015-03-25	"13:20"	15	-0.36	32.68193474	0	0	0	-0.36
33	959	61.5	"Feb 2015"	2015-02-28	"16:18"	15	-0.03	36.28418672	0	0	0	-0.215
33	959	61.5	"Mar 2015"	2015-03-25	"13:17"	17	-0.4	30.509839	0	0	0	-0.215
33	959	61.5	"Mar 2016"	2016-03-15	"13:37"	15	-1.05	49.50554033	0	1	1	-0.215
33	959	61.5	"Apr 2015"	2015-04-13	"9:25"	15	-0.62	30.70401211	1	0	1	-0.215
34	974	56.5	"Feb 2015"	2015-02-28	"16:28"	15	-0.46	44.74371859	0	0	0	-0.745
34	974	56.5	"Mar 2015"	2015-03-23	"10:21"	16	-0.78	43.38248201	0	0	0	-0.745
34	974	56.5	"Mar 2016"	2016-03-14	"11:20"	15.3	-1.46	28.50013134	0	0	0	-0.745
34	974	56.5	"Apr 2015"	2015-04-06	"10:22"	17	-0.71	40.88415112	0	0	0	-0.745
35	970	38	"Mar 2015"	2015-03-25	"13:13"	15	-1.08	28.91083823	0	0	0	-1.175
35	970	38	"Apr 2015"	2015-04-06	"10:45"	16	-1.33	27.26646933	0	0	0	-1.175
35	970	38	"Mar 2016"	2016-03-16	"9:25"	15	-1.27	27.60101366	0	0	0	-1.175
35	970	38	"Feb 2015"	2015-02-26	"12:29"	16	-0.46	31.32351732	0	0	0	-1.175
36	994.5	37.5	"Apr 2015"	2015-04-06	"11:00"	15	-1.07	26.42693642	0	0	0	-1.57
36	994.5	37.5	"Mar 2015"	2015-03-23	"10:34"	14	-1.94	29.19437009	0	0	0	-1.57
36	994.5	37.5	"Mar 2016"	2016-03-14	"11:33"	14	-1.57	30.25003079	0	0	0	-1.57
36	994.5	37.5	"Feb 2015"	2015-02-26	"12:24"	15	-0.85	48.34757835	0	1	1	-1.57
37	983.5	14	"Mar 2016"	2016-03-15	"13:33"	14.5	-0.92	27.97464239	0	0	0	-0.92
37	983.5	14	"Feb 2015"	2015-02-27	"10:08"	13	0	32.81923614	0	0	0	-0.92
37	983.5	14	"Mar 2015"	2015-03-25	"13:06"	14	-1.08	27.02471631	0	0	0	-0.92
37	983.5	14	"Apr 2015"	2015-04-13	"9:20"	15	-1.17	27.41246209	1	0	1	-0.92
38	995.5	247	"Feb 2015"	2015-02-27	"10:00"	16	-0.11	42.75367843	0	0	0	-0.6
38	995.5	247	"Apr 2015"	2015-04-09	"12:40"	16	-1.15	28.73996845	1	0	1	-0.6
38	995.5	247	"Mar 2016"	2016-03-14	"11:47"	14	-0.85	27.28750732	0	0	0	-0.6
38	995.5	247	"Mar 2015"	2015-03-25	"11:40"	17	-0.6	33.29957148	0	0	0	-0.6
39	976	257	"Mar 2015"	2015-03-23	"13:08"	22	-0.03	40.26653974	0	0	0	-0.14
39	976	257	"Apr 2015"	2015-04-06	"13:10"	16	-0.3	35.08910267	0	0	0	-0.14
39	976	257	"Feb 2015"	2015-02-23	"13:49"	15	-0.11	51.48094449	0	0	0	-0.14
39	976	257	"Mar 2016"	2016-03-15	"12:55"	15	-0.17	37.32196237	0	0	0	-0.14
40	994.5	271	"Mar 2016"	2016-03-14	"11:58"	15	-1.14	31.88720174	0	0	0	-0.87
40	994.5	271	"Feb 2015"	2015-02-27	"9:57"	15	-0.14	42.78238467	0	0	0	-0.87
40	994.5	271	"Apr 2015"	2015-04-09	"12:35"	16	-0.43	35.81471168	1	0	1	-0.87
40	994.5	271	"Mar 2015"	2015-03-25	"11:36"	15	-0.87	33.41080301	0	0	0	-0.87
41	965.5	275	"Apr 2015"	2015-04-09	"12:28"	16	-0.53	33.66476379	1	0	1	-0.46
41	965.5	275	"Mar 2015"	2015-03-25	"11:32"	15	-0.46	34.87529127	0	0	0	-0.46
41	965.5	275	"Mar 2016"	2016-03-14	"12:05"	17	-0.82	34.9915168	0	0	0	-0.46
41	965.5	275	"Feb 2015"	2015-02-27	"9:54"	16	-0.07	53.13470497	0	0	0	-0.46
42	974	295	"Apr 2015"	2015-04-06	"13:14"	15	-0.4	36.48968016	0	0	0	-0.335
42	974	295	"Mar 2015"	2015-03-23	"13:14"	15	-0.27	40.90701567	0	0	0	-0.335
42	974	295	"Mar 2016"	2016-03-14	"12:15"	15	-1.03	34.53672029	0	0	0	-0.335
42	974	295	"Feb 2015"	2015-02-27	"9:48"	15	0	46.80443119	0	0	0	-0.335
43	947	293	"Feb 2015"	2015-02-27	"9:45"	16	0	52.50563677	0	0	0	-0.19
43	947	293	"Apr 2015"	2015-04-09	"12:24"	15	-0.23	38.37029681	1	0	1	-0.19
43	947	293	"Mar 2015"	2015-03-25	"11:27"	14	-0.19	37.94445427	0	0	0	-0.19
43	947	293	"Mar 2016"	2016-03-15	"12:51"	15	-0.24	38.82695591	0	0	0	-0.19
44	955.5	313	"Apr 2015"	2015-04-06	"13:18"	14	-0.56	41.40936068	0	0	0	-0.555
44	955.5	313	"Mar 2016"	2016-03-15	"12:45"	14	-0.72	33.64179104	0	0	0	-0.555
44	955.5	313	"Feb 2015"	2015-02-27	"9:40"	16	-0.02	43.521682	0	0	0	-0.555
44	955.5	313	"Mar 2015"	2015-03-25	"11:23"	17	-0.55	36.67581399	0	0	0	-0.555
45	934.5	317	"Mar 2015"	2015-03-23	"13:19"	13	-0.34	39.65074018	0	0	0	-0.19
45	934.5	317	"Feb 2015"	2015-02-27	"9:34"	15	0	49.22080196	0	0	0	-0.19
45	934.5	317	"Apr 2015"	2015-04-09	"12:15"	15	-0.03	40.08676509	1	0	1	-0.19
45	934.5	317	"Mar 2016"	2016-03-14	"12:26"	18	-0.19	39.53826817	0	0	0	-0.19
46	952	334.5	"Mar 2015"	2015-03-23	"13:21"	17	-0.56	36.24530327	0	0	0	-0.5
46	952	334.5	"Mar 2016"	2016-03-15	"12:42"	15	-0.44	32.62096471	0	0	0	-0.5
46	952	334.5	"Feb 2015"	2015-02-23	"13:54"	16	0	42.09611541	0	0	0	-0.5
46	952	334.5	"Apr 2015"	2015-04-06	"13:21"	17	-0.56	33.91950277	0	0	0	-0.5
47	933	341.5	"Mar 2016"	2016-03-15	"12:37"	17	-0.06	37.17229883	0	0	0	-0.06
48	926	354	"Apr 2015"	2015-04-09	"12:00"	16	-0.3	35.46610725	1	0	1	-0.11
48	926	354	"Mar 2016"	2016-03-14	"12:45"	15	0	41.02384836	0	0	0	-0.11
48	926	354	"Mar 2015"	2015-03-25	"11:12"	16	-0.19	36.74871208	0	0	0	-0.11
48	926	354	"Feb 2015"	2015-02-27	"9:26"	17	-0.11	41.75433802	0	0	0	-0.11
49	908.5	346	"Apr 2015"	2015-04-06	"13:27"	15	-0.24	33.82946519	0	0	0	-0.195
49	908.5	346	"Mar 2016"	2016-03-15	"12:21"	16	-0.25	33.96082179	0	0	0	-0.195
49	908.5	346	"Mar 2015"	2015-03-23	"13:24"	15	-0.15	39.05504295	0	0	0	-0.195
49	908.5	346	"Feb 2015"	2015-02-27	"9:24"	16	-0.04	45.1673623	0	0	0	-0.195
50	909.5	362.5	"Apr 2015"	2015-04-09	"11:52"	16	-0.14	40.81741606	1	0	1	-0.18
50	909.5	362.5	"Feb 2015"	2015-02-23	"13:58"	17	0	44.21953676	0	0	0	-0.18
50	909.5	362.5	"Mar 2015"	2015-03-23	"13:28"	15	-0.18	38.77425105	0	0	0	-0.18
50	909.5	362.5	"Mar 2016"	2016-03-14	"13:00"	12	-0.44	38.16371681	0	0	0	-0.18
51	892	365.5	"Mar 2016"	2016-03-15	"12:13"	14	-0.46	34.1904409	0	0	0	-0.125
51	892	365.5	"Feb 2015"	2015-02-27	"9:20"	17	-0.03	37.78976175	0	0	0	-0.125
51	892	365.5	"Apr 2015"	2015-04-06	"13:30"	15	-0.09	35.16475593	0	0	0	-0.125
51	892	365.5	"Mar 2015"	2015-03-25	"11:06"	13	-0.16	35.5088853	0	0	0	-0.125
52	903	382	"Apr 2015"	2015-04-09	"11:50"	15	-0.02	43.49222665	1	0	1	-0.03
52	903	382	"Mar 2016"	2016-03-14	"13:09"	15	-0.03	37.19958918	0	0	0	-0.03
52	903	382	"Mar 2015"	2015-03-25	"11:01"	13	-0.03	43.31287283	0	0	0	-0.03
52	903	382	"Feb 2015"	2015-02-27	"9:16"	16	-0.02	48.30101253	0	0	0	-0.03
53	884	394	"Mar 2015"	2015-03-23	"13:31"	14	-0.46	38.90202824	0	0	0	-0.27
53	884	394	"Mar 2016"	2016-03-15	"12:31"	14	-0.26	37.20703989	0	0	0	-0.27
53	884	394	"Apr 2015"	2015-04-06	"13:34"	16	-0.28	35.4929976	0	0	0	-0.27
53	884	394	"Feb 2015"	2015-02-23	"14:00"	16	-0.22	42.77053927	0	0	0	-0.27
54	894	408.5	"Mar 2015"	2015-03-25	"10:55"	16	-0.15	36.21215871	0	0	0	-0.03
54	894	408.5	"Mar 2016"	2016-03-14	"13:14"	15.5	-0.03	36.75764641	0	0	0	-0.03
54	894	408.5	"Feb 2015"	2015-02-27	"9:12"	16	-0.02	32.70072054	0	0	0	-0.03
54	894	408.5	"Apr 2015"	2015-04-09	"11:45"	15	-0.16	35.5577631	1	0	1	-0.03
55	873	409	"Mar 2016"	2016-03-15	"12:08"	17	-0.73	30.52081549	0	0	0	-0.605
55	873	409	"Feb 2015"	2015-02-27	"9:09"	14	-0.08	36.45381733	0	0	0	-0.605
55	873	409	"Mar 2015"	2015-03-25	"10:50"	14.5	-0.48	28.26462261	0	0	0	-0.605
55	873	409	"Apr 2015"	2015-04-06	"13:39"	15	-0.98	34.86049461	0	0	0	-0.605
56	875	429	"Mar 2015"	2015-03-23	"13:37"	14	-0.18	31.9187694	0	0	0	-0.18
56	875	429	"Feb 2015"	2015-02-23	"14:06"	16	0	37.06629492	0	0	0	-0.18
56	875	429	"Mar 2016"	2016-03-14	"13:20"	13	-0.21	34.84516734	0	0	0	-0.18
56	875	429	"Apr 2015"	2015-04-09	"9:29"	18	-0.01	30.71845403	1	0	1	-0.18
57	852	430	"Feb 2015"	2015-02-27	"9:04"	16	0	32.74421034	0	0	0	0
57	852	430	"Apr 2015"	2015-04-09	"9:21"	14	-0.01	30.9623431	1	0	1	0
57	852	430	"Mar 2015"	2015-03-25	"9:10"	14	0	31.42425927	0	0	0	0
57	852	430	"Mar 2016"	2016-03-15	"12:04"	13	-0.36	34.88949205	0	0	0	0
58	852.5	447.5	"Mar 2015"	2015-03-23	"13:43"	15	-0.02	33.42788257	0	0	0	-0.02
58	852.5	447.5	"Mar 2016"	2016-03-15	"11:58"	14	-0.3	37.53811308	0	0	0	-0.02
58	852.5	447.5	"Apr 2015"	2015-04-09	"9:16"	15	0	40.0273224	1	0	1	-0.02
58	852.5	447.5	"Feb 2015"	2015-02-27	"9:00"	14	0	46.832411	0	0	0	-0.02
59	836	444	"Feb 2015"	2015-02-27	"8:55"	16	0	47.48297916	0	0	0	-0.06
59	836	444	"Mar 2016"	2016-03-14	"13:33"	15	-0.3	24.22669492	0	0	0	-0.06
59	836	444	"Mar 2015"	2015-03-25	"9:05"	14	-0.06	44.705365	0	0	0	-0.06
59	836	444	"Apr 2015"	2015-04-09	"9:12"	16	-0.21	39.58743842	1	0	1	-0.06
60	829	469	"Apr 2015"	2015-04-09	"9:06"	16	-0.08	43.48387097	1	0	1	-0.14
60	829	469	"Mar 2015"	2015-03-23	"13:45"	16	-0.31	35.70002219	0	0	0	-0.14
60	829	469	"Feb 2015"	2015-02-26	"12:12"	16	-0.09	36.60086419	0	0	0	-0.14
60	829	469	"Mar 2016"	2016-03-15	"14:27"	15	-0.14	32.96549308	0	0	0	-0.14
61	809	462.5	"Feb 2015"	2015-02-26	"12:08"	15	-0.26	30.09780776	0	0	0	-0.54
61	809	462.5	"Apr 2015"	2015-04-09	"9:02"	15	0	32.43995823	1	0	1	-0.54
61	809	462.5	"Mar 2015"	2015-03-25	"9:00"	13	-0.54	31.57668624	0	0	0	-0.54
61	809	462.5	"Mar 2016"	2016-03-16	"10:03"	16	-1.63	29.08139855	0	0	0	-0.54
62	806.5	479	"Feb 2015"	2015-02-26	"12:05"	16	-0.09	38.14500327	0	0	0	0
62	806.5	479	"Mar 2016"	2016-03-14	"13:37"	16	0	36.14250276	0	0	0	0
62	806.5	479	"Mar 2015"	2015-03-25	"8:55"	17	0	38.08711137	0	0	0	0
62	806.5	479	"Apr 2015"	2015-04-09	"8:55"	15	0	34.04324324	1	0	1	0
63	695	494	"Feb 2015"	2015-02-23	"9:29"	15	-0.08	41.28543121	0	0	0	-0.14
63	695	494	"Mar 2016"	2016-03-15	"11:38"	15	0	33.50359138	0	0	0	-0.14
63	695	494	"Apr 2015"	2015-04-06	"9:01"	14	-0.2	36.11242324	0	0	0	-0.14
63	695	494	"Mar 2015"	2015-03-23	"8:54"	15	-0.34	34.50898454	0	0	0	-0.14
64	686	471	"Apr 2015"	2015-04-08	"13:05"	17	0	41.88879508	1	0	1	-0.52
64	686	471	"Feb 2015"	2015-02-25	"14:22"	15	-0.4	35.97490852	0	0	0	-0.52
64	686	471	"Mar 2016"	2016-03-15	"11:35"	15	-0.52	30.321211	0	0	0	-0.52
64	686	471	"Mar 2015"	2015-03-27	"11:58"	16	-0.54	31.63833937	0	0	0	-0.52
65	706.5	474.5	"Feb 2015"	2015-02-25	"14:20"	15	-0.65	36.15829584	0	0	0	-0.95
65	706.5	474.5	"Apr 2015"	2015-04-08	"12:59"	16	-0.83	33.98472781	1	0	1	-0.95
65	706.5	474.5	"Mar 2015"	2015-03-27	"11:55"	15	-0.95	31.54594595	0	0	0	-0.95
65	706.5	474.5	"Mar 2016"	2016-03-16	"10:10"	15	-1.03	30.95446934	0	0	0	-0.95
66	700	459	"Feb 2015"	2015-02-25	"14:16"	14	-0.48	36.25256674	0	0	0	-0.535
66	700	459	"Mar 2015"	2015-03-23	"9:01"	14	-0.38	34.04577265	0	0	0	-0.535
66	700	459	"Mar 2016"	2016-03-14	"13:48"	14	-0.76	31.33483221	0	0	0	-0.535
66	700	459	"Apr 2015"	2015-04-06	"9:07"	16	-0.59	32.42555984	0	0	0	-0.535
67	715	448	"Mar 2016"	2016-03-15	"11:30"	16	-0.61	30.44230936	0	0	0	-0.62
67	715	448	"Feb 2015"	2015-02-25	"14:14"	17	-0.28	35.70428696	0	0	0	-0.62
67	715	448	"Mar 2015"	2015-03-23	"9:05"	15	-0.63	34.06169666	0	0	0	-0.62
67	715	448	"Apr 2015"	2015-04-06	"9:10"	17	-0.75	32.04898214	0	0	0	-0.62
68	705	448	"Apr 2015"	2015-04-08	"12:54"	16	-1.24	31.96680332	1	0	1	-1.28
68	705	448	"Feb 2015"	2015-02-25	"14:11"	15	-0.36	34.92703533	0	0	0	-1.28
68	705	448	"Mar 2016"	2016-03-14	"13:52"	14	-1.28	30.90517241	0	0	0	-1.28
68	705	448	"Mar 2015"	2015-03-27	"11:51"	15	-1.35	29.76653696	0	0	0	-1.28
69	717	419.5	"Mar 2016"	2016-03-16	"10:13"	14	-0.59	31.65616639	0	0	0	-0.66
69	717	419.5	"Apr 2015"	2015-04-08	"12:45"	18	-1.14	31.87682966	1	0	1	-0.66
69	717	419.5	"Feb 2015"	2015-02-25	"14:07"	15	-0.66	34.75764229	0	0	0	-0.66
69	717	419.5	"Mar 2015"	2015-03-27	"11:49"	15	-1.08	31.4664311	0	0	0	-0.66
70	700	407	"Apr 2015"	2015-04-08	"12:40"	16	-0.8	31.39242627	1	0	1	-0.59
70	700	407	"Feb 2015"	2015-02-25	"14:04"	15	-0.59	32.55872695	0	0	0	-0.59
70	700	407	"Mar 2015"	2015-03-27	"11:46"	16	-0.95	30.45511222	0	0	0	-0.59
70	700	407	"Mar 2016"	2016-03-16	"10:17"	16	-0.31	30.83651805	0	0	0	-0.59
71	714	392.5	"Mar 2015"	2015-03-23	"9:09"	16	-1.06	30.68450039	0	0	0	-0.745
71	714	392.5	"Feb 2015"	2015-02-23	"9:49"	15	-0.18	31.75306958	0	0	0	-0.745
71	714	392.5	"Mar 2016"	2016-03-14	"13:59"	15.5	-0.86	29.67726848	0	0	0	-0.745
71	714	392.5	"Apr 2015"	2015-04-06	"9:16"	14	-0.63	29.2494136	0	0	0	-0.745
72	691	386	"Feb 2015"	2015-02-25	"13:59"	16	-0.34	34.30111074	0	0	0	-0.415
72	691	386	"Mar 2015"	2015-03-23	"9:14"	15	-0.49	31.23679887	0	0	0	-0.415
72	691	386	"Mar 2016"	2016-03-15	"11:24"	16	-0.15	32.14977905	0	0	0	-0.415
72	691	386	"Apr 2015"	2015-04-06	"9:19"	15	-0.76	29.07925002	0	0	0	-0.415
73	702	367	"Apr 2015"	2015-04-08	"12:22"	17	-0.95	33.27249022	1	0	1	-1.19
73	702	367	"Mar 2016"	2016-03-14	"14:02"	16	-1.19	30.58529909	0	0	0	-1.19
73	702	367	"Feb 2015"	2015-02-25	"13:55"	15	-0.73	33.28645101	0	0	0	-1.19
73	702	367	"Mar 2015"	2015-03-27	"11:43"	15	-1.41	29.12336374	0	0	0	-1.19
74	681	366	"Mar 2016"	2016-03-15	"11:17"	15	-0.49	31.49561776	0	0	0	-0.49
75	686.5	349	"Mar 2016"	2016-03-14	"14:10"	16	-0.69	33.2303188	0	0	0	-0.69
75	686.5	349	"Mar 2015"	2015-03-27	"11:40"	14	-0.77	34.84962093	0	0	0	-0.69
75	686.5	349	"Feb 2015"	2015-02-26	"11:50"	17	-0.22	40.78841512	0	0	0	-0.69
75	686.5	349	"Apr 2015"	2015-04-08	"12:15"	17	-0.83	34.58072268	1	0	1	-0.69
76	673	340	"Mar 2016"	2016-03-16	"10:22"	15	-0.61	36.40184382	0	0	0	-0.33
76	673	340	"Apr 2015"	2015-04-06	"9:29"	15	-0.35	38.71353639	0	0	0	-0.33
76	673	340	"Feb 2015"	2015-02-23	"9:56"	16	0	37.95193312	0	0	0	-0.33
76	673	340	"Mar 2015"	2015-03-23	"9:22"	15	-0.31	38.14527181	0	0	0	-0.33
77	678	323	"Mar 2016"	2016-03-15	"11:12"	16	-0.01	35.02835193	0	0	0	-0.01
77	678	323	"Feb 2015"	2015-02-25	"13:46"	16	0	39.19602699	0	0	0	-0.01
77	678	323	"Mar 2015"	2015-03-27	"11:36"	16	-0.35	35.29584928	0	0	0	-0.01
77	678	323	"Apr 2015"	2015-04-08	"12:09"	18	-0.34	36.36802705	1	0	1	-0.01
78	660	317.5	"Mar 2015"	2015-03-27	"11:30"	16	-0.4	36.08608609	0	0	0	-0.4
78	660	317.5	"Feb 2015"	2015-02-26	"11:45"	17	-0.05	37.1909412	0	0	0	-0.4
78	660	317.5	"Mar 2016"	2016-03-15	"11:09"	16	-0.51	32.04090978	0	0	0	-0.4
78	660	317.5	"Apr 2015"	2015-04-08	"12:05"	16	-0.39	34.37440306	1	0	1	-0.4
79	659	300.2	"Mar 2015"	2015-03-27	"11:25"	16	-0.35	32.32221776	0	0	0	-0.35
79	659	300.2	"Apr 2015"	2015-04-08	"12:01"	16	0	48.30468231	1	0	1	-0.35
79	659	300.2	"Mar 2016"	2016-03-15	"10:57"	16	-0.37	36.56929106	0	0	0	-0.35
79	659	300.2	"Feb 2015"	2015-02-25	"13:44"	15	0	37.70180437	0	0	0	-0.35
80	643	296	"Mar 2016"	2016-03-16	"10:25"	15	-0.61	33.64071038	0	0	0	-0.705
80	643	296	"Mar 2015"	2015-03-23	"9:27"	15	-0.74	33.1171693	0	0	0	-0.705
80	643	296	"Apr 2015"	2015-04-06	"9:34"	15	-0.76	32.33770439	0	0	0	-0.705
80	643	296	"Feb 2015"	2015-02-25	"13:35"	15	-0.67	38.26805272	0	0	0	-0.705
81	647	278	"Mar 2016"	2016-03-14	"14:14"	17	-0.77	32.42537313	0	0	0	-0.51
81	647	278	"Mar 2015"	2015-03-23	"9:30"	15	-0.51	32.91100124	0	0	0	-0.51
81	647	278	"Feb 2015"	2015-02-26	"11:41"	17	-0.22	37.43276872	0	0	0	-0.51
81	647	278	"Apr 2015"	2015-04-06	"9:36"	16	-0.51	32.64059717	0	0	0	-0.51
82	624	281	"Feb 2015"	2015-02-25	"13:31"	15	-0.02	37.84337532	0	0	0	-0.36
82	624	281	"Apr 2015"	2015-04-06	"9:40"	15	-0.66	32.82364126	0	0	0	-0.36
82	624	281	"Mar 2015"	2015-03-27	"11:19"	16	-0.93	32.36241218	0	0	0	-0.36
82	624	281	"Mar 2016"	2016-03-16	"10:27"	15.5	-0.06	35.02498438	0	0	0	-0.36
83	627	253	"Mar 2016"	2016-03-15	"10:52"	16.5	-0.74	31.97649664	0	0	0	-0.63
83	627	253	"Mar 2015"	2015-03-23	"9:35"	16	-0.63	31.59539017	0	0	0	-0.63
83	627	253	"Feb 2015"	2015-02-23	"10:06"	18	-0.14	38.34450748	0	0	0	-0.63
83	627	253	"Apr 2015"	2015-04-08	"11:54"	15	0	32.53296595	1	0	1	-0.63
84	604	262	"Feb 2015"	2015-02-26	"11:38"	17	-0.36	37.12497699	0	0	0	-0.58
84	604	262	"Mar 2016"	2016-03-15	"9:30"	15	-0.87	32.11915035	0	0	0	-0.58
84	604	262	"Apr 2015"	2015-04-08	"11:40"	17	-0.83	35.44631307	1	0	1	-0.58
84	604	262	"Mar 2015"	2015-03-27	"11:15"	15	-0.58	33.01762477	0	0	0	-0.58
85	604	241	"Mar 2016"	2016-03-15	"10:48"	17	0	38.85821337	0	0	0	0
85	604	241	"Mar 2015"	2015-03-23	"9:38"	15	0	56.02795574	0	0	0	0
85	604	241	"Apr 2015"	2015-04-06	"9:45"	15	-0.08	45.72709908	0	0	0	0
85	604	241	"Feb 2015"	2015-02-25	"13:27"	16	0	58.95976839	0	0	0	0
86	585	253	"Mar 2016"	2016-03-15	"10:41"	16	-0.65	31.10144634	0	0	0	-0.63
86	585	253	"Apr 2015"	2015-04-13	"11:49"	16	-0.73	32.17807425	1	0	1	-0.63
86	585	253	"Mar 2015"	2015-03-27	"11:11"	16	-0.63	32.19461698	0	0	0	-0.63
86	585	253	"Feb 2015"	2015-02-26	"11:34"	16	-0.37	35.14462964	0	0	0	-0.63
87	582	228	"Mar 2016"	2016-03-15	"9:40"	15.5	-0.67	28.83556255	0	0	0	-0.55
87	582	228	"Feb 2015"	2015-02-25	"13:22"	15	-0.4	39.37417437	0	0	0	-0.55
87	582	228	"Apr 2015"	2015-04-06	"9:49"	14	-0.59	35.48797962	0	0	0	-0.55
87	582	228	"Mar 2015"	2015-03-23	"9:45"	16	-0.51	33.59581984	0	0	0	-0.55
88	563	231	"Mar 2015"	2015-03-27	"11:07"	15	-0.61	33.74839277	0	0	0	-0.56
88	563	231	"Apr 2015"	2015-04-13	"11:46"	17	-0.66	33.05901542	1	0	1	-0.56
88	563	231	"Mar 2016"	2016-03-15	"10:36"	15.5	-0.56	31.06438326	0	0	0	-0.56
88	563	231	"Feb 2015"	2015-02-26	"11:31"	18	-0.24	36.60771704	0	0	0	-0.56
89	563	211	"Mar 2015"	2015-03-23	"9:50"	15	-1.08	32.7020649	0	0	0	-0.56
89	563	211	"Mar 2016"	2016-03-15	"10:33"	14	-0.55	30.72952512	0	0	0	-0.56
89	563	211	"Apr 2015"	2015-04-06	"9:54"	15	-0.57	31.71982206	0	0	0	-0.56
89	563	211	"Feb 2015"	2015-02-23	"10:17"	15	-0.51	32.36435858	0	0	0	-0.56
90	541	214	"Apr 2015"	2015-04-06	"9:57"	16	0	38.65341166	0	0	0	-0.075
90	541	214	"Mar 2015"	2015-03-23	"9:54"	15	-0.15	37.88082008	0	0	0	-0.075
90	541	214	"Mar 2016"	2016-03-15	"9:47"	15	-0.59	29.93464052	0	0	0	-0.075
90	541	214	"Feb 2015"	2015-02-25	"13:16"	16.5	0	37.79174147	0	0	0	-0.075
91	538	194	"Mar 2015"	2015-03-27	"11:03"	17	-0.31	27.77592085	0	0	0	-0.395
91	538	194	"Apr 2015"	2015-04-06	"10:02"	13	-0.48	26.94687594	0	0	0	-0.395
91	538	194	"Mar 2016"	2016-03-15	"10:28"	16	-0.61	24.65317262	0	0	0	-0.395
91	538	194	"Feb 2015"	2015-02-26	"11:26"	18	-0.01	37.50324198	0	0	0	-0.395
92	521	197	"Apr 2015"	2015-04-08	"11:29"	18	-0.48	35.64691226	1	0	1	-0.33
92	521	197	"Mar 2015"	2015-03-23	"9:57"	14	-0.33	34.50734049	0	0	0	-0.33
92	521	197	"Feb 2015"	2015-02-23	"10:26"	15	-0.13	32.10141046	0	0	0	-0.33
92	521	197	"Mar 2016"	2016-03-15	"9:53"	15	-0.79	31.03568929	0	0	0	-0.33
93	521	174	"Apr 2015"	2015-04-13	"11:37"	16	-0.55	35.82410129	1	0	1	-0.27
93	521	174	"Feb 2015"	2015-02-25	"13:12"	15	-0.38	44.18576452	0	0	0	-0.27
93	521	174	"Mar 2015"	2015-03-27	"11:00"	16	-0.27	37.92017634	0	0	0	-0.27
93	521	174	"Mar 2016"	2016-03-15	"10:25"	17	-0.27	34.8868399	0	0	0	-0.27
94	507	173	"Feb 2015"	2015-02-26	"11:21"	17	-0.53	34.07845716	0	0	0	-0.69
94	507	173	"Apr 2015"	2015-04-13	"11:35"	16	-0.78	31.55802862	1	0	1	-0.69
94	507	173	"Mar 2015"	2015-03-27	"10:55"	18	-0.76	31.30627774	0	0	0	-0.69
94	507	173	"Mar 2016"	2016-03-15	"10:19"	13	-0.69	33.00359712	0	0	0	-0.69
95	509	150	"Mar 2016"	2016-03-16	"10:30"	16	-0.56	26.90197363	0	0	0	-0.65
95	509	150	"Apr 2015"	2015-04-13	"11:31"	16	-0.52	31.19136961	1	0	1	-0.65
95	509	150	"Mar 2015"	2015-03-27	"10:53"	16	-0.88	28.49176172	0	0	0	-0.65
95	509	150	"Feb 2015"	2015-02-26	"11:16"	14	-0.65	31.52424942	0	0	0	-0.65
96	484	158	"Mar 2015"	2015-03-27	"10:47"	15	-0.51	35.04995532	0	0	0	-0.43
96	484	158	"Mar 2016"	2016-03-15	"10:06"	16	-0.12	36.66542682	0	0	0	-0.43
96	484	158	"Feb 2015"	2015-02-25	"13:07"	19	-0.43	35.31577773	0	0	0	-0.43
96	484	158	"Apr 2015"	2015-04-13	"11:29"	17	-0.33	34.17181188	1	0	1	-0.43
97	481	138	"Mar 2016"	2016-03-15	"10:15"	15.5	-0.17	33.50827979	0	0	0	-0.17
97	481	138	"Feb 2015"	2015-02-26	"11:12"	17	-0.02	33.33333333	0	0	0	-0.17
97	481	138	"Mar 2015"	2015-03-27	"10:44"	16	-0.49	29.88087595	0	0	0	-0.17
97	481	138	"Apr 2015"	2015-04-13	"11:26"	15	-0.2	32.90458691	1	0	1	-0.17
98	462.5	156.5	"Mar 2015"	2015-03-23	"10:01"	16	-0.49	32.61888233	0	0	0	-0.205
98	462.5	156.5	"Feb 2015"	2015-02-23	"10:35"	16	0	36.1571858	0	0	0	-0.205
98	462.5	156.5	"Mar 2016"	2016-03-16	"10:32"	15	-0.1	32.9322065	0	0	0	-0.205
98	462.5	156.5	"Apr 2015"	2015-04-06	"10:09"	18	-0.31	33.00008063	0	0	0	-0.205
99	451	138.5	"Feb 2015"	2015-02-26	"11:02"	17	0	34.60959176	0	0	0	0
99	451	138.5	"Mar 2016"	2016-03-15	"10:13"	15	0	32.26560352	0	0	0	0
99	451	138.5	"Mar 2015"	2015-03-27	"10:41"	16	-0.22	32.14285714	0	0	0	0
99	451	138.5	"Apr 2015"	2015-04-13	"11:20"	15	-0.34	33.37132004	1	0	1	0
100	437.5	154	"Feb 2015"	2015-02-26	"11:00"	17	-0.28	35.74144487	0	0	0	-0.28
100	437.5	154	"Mar 2015"	2015-03-27	"10:37"	16	-0.53	33.39769582	0	0	0	-0.28
100	437.5	154	"Mar 2016"	2016-03-15	"10:09"	16	-0.13	36.80006726	0	0	0	-0.28
101	416	143	"Mar 2016"	2016-03-15	"10:20"	15.5	-0.83	31.6861849	0	0	0	-0.83
101	416	143	"Mar 2015"	2015-03-27	"10:34"	15	-1.26	32.02495746	0	0	0	-0.83
101	416	143	"Feb 2015"	2015-02-25	"12:59"	17	-0.58	37.16381418	0	0	0	-0.83
101	416	143	"Apr 2015"	2015-04-08	"10:15"	17	-1.47	31.70037927	1	0	1	-0.83
102	412.5	163.5	"Feb 2015"	2015-02-26	"10:55"	17	-0.22	41.30701826	0	0	0	-0.29
102	412.5	163.5	"Mar 2016"	2016-03-15	"10:05"	14.5	-0.29	31.79663938	0	0	0	-0.29
102	412.5	163.5	"Mar 2015"	2015-03-27	"10:30"	16	-0.78	29.54329558	0	0	0	-0.29
103	392	158.5	"Mar 2016"	2016-03-16	"10:36"	15	-1.57	31.58057532	0	0	0	-0.835
103	392	158.5	"Mar 2015"	2015-03-23	"10:05"	15	-0.7	32.9764454	0	0	0	-0.835
103	392	158.5	"Apr 2015"	2015-04-06	"10:14"	15	-0.97	32.9082717	0	0	0	-0.835
103	392	158.5	"Feb 2015"	2015-02-23	"10:44"	15	-0.52	36.93176803	0	0	0	-0.835
104	394	180	"Feb 2015"	2015-02-26	"10:51"	16	-0.52	37.08126036	0	0	0	-0.52
104	394	180	"Mar 2016"	2016-03-16	"10:39"	16	-0.48	30.59877416	0	0	0	-0.52
104	394	180	"Mar 2015"	2015-03-27	"10:27"	14	-0.86	33.70939653	0	0	0	-0.52
105	379	186	"Mar 2015"	2015-03-27	"10:24"	15	-0.98	29.44824296	0	0	0	-0.815
105	379	186	"Mar 2016"	2016-03-15	"10:30"	15.5	-1.11	45.07819687	0	1	1	-0.815
105	379	186	"Feb 2015"	2015-02-26	"10:46"	14	-0.65	32.17041261	0	0	0	-0.815
106	378	208	"Feb 2015"	2015-02-26	"10:43"	15	-0.28	35.83413863	0	0	0	-0.24
106	378	208	"Apr 2015"	2015-04-10	"13:50"	18	0	35.03002183	1	0	1	-0.24
106	378	208	"Mar 2016"	2016-03-15	"9:55"	15	-0.23	31.59270937	0	0	0	-0.24
106	378	208	"Mar 2015"	2015-03-27	"10:20"	14	-0.24	30.19161056	0	0	0	-0.24
107	356	202	"Mar 2015"	2015-03-23	"10:10"	15	-1.15	28.58210984	0	0	0	-0.75
107	356	202	"Apr 2015"	2015-04-06	"10:17"	15	-1.59	28.41987235	0	0	0	-0.75
107	356	202	"Feb 2015"	2015-02-23	"10:55"	15	-0.29	31.61932058	0	0	0	-0.75
107	356	202	"Mar 2016"	2016-03-15	"9:49"	16	-0.35	32.37496256	0	0	0	-0.75
108	351.5	226	"Feb 2015"	2015-02-24	"14:06"	16	-0.02	37.23985123	0	0	0	-0.39
108	351.5	226	"Mar 2015"	2015-03-27	"10:15"	14	-0.39	31.29993854	0	0	0	-0.39
108	351.5	226	"Apr 2015"	2015-04-08	"10:03"	17	0	40.10162017	1	0	1	-0.39
108	351.5	226	"Mar 2016"	2016-03-15	"10:37"	15	-0.61	27.13410661	0	0	0	-0.39
109	335	209	"Feb 2015"	2015-02-27	"13:20"	15	-0.28	32.63938741	0	0	0	-0.5
109	335	209	"Mar 2015"	2015-03-27	"10:12"	14	-0.5	30.19842756	0	0	0	-0.5
109	335	209	"Mar 2016"	2016-03-15	"9:44"	14	-0.63	29.65186074	0	0	0	-0.5
109	335	209	"Apr 2015"	2015-04-10	"13:47"	17	-0.25	30.79707413	1	0	1	-0.5
110	324	229	"Mar 2016"	2016-03-15	"10:48"	15	-0.58	33.7354748	0	0	0	-0.59
110	324	229	"Mar 2015"	2015-03-23	"10:14"	15	-0.6	31.10563198	0	0	0	-0.59
110	324	229	"Feb 2015"	2015-02-27	"13:16"	15	-0.5	34.65336757	0	0	0	-0.59
110	324	229	"Apr 2015"	2015-04-06	"10:24"	15	-0.66	29.44965802	0	0	0	-0.59
111	313	213	"Mar 2015"	2015-03-27	"10:10"	16	-0.75	29.4917174	0	0	0	-0.75
111	313	213	"Feb 2015"	2015-02-27	"13:13"	15	-0.35	32.21887361	0	0	0	-0.75
111	313	213	"Apr 2015"	2015-04-10	"13:44"	15	-0.96	29.60115865	1	0	1	-0.75
111	313	213	"Mar 2016"	2016-03-16	"10:43"	15.5	-1.5	28.50714664	0	0	0	-0.75
112	291.5	224	"Feb 2015"	2015-02-25	"12:48"	17	-0.74	32.18130312	0	0	0	-1.08
112	291.5	224	"Apr 2015"	2015-04-06	"10:26"	15	-1.23	27.43461324	0	0	0	-1.08
112	291.5	224	"Mar 2016"	2016-03-16	"10:46"	15	-1.86	27.29173368	0	0	0	-1.08
112	291.5	224	"Mar 2015"	2015-03-23	"10:16"	15	-0.93	30.88322466	0	0	0	-1.08
113	292	202	"Apr 2015"	2015-04-10	"13:39"	16	-0.55	32.28865317	1	0	1	-0.49
113	292	202	"Mar 2016"	2016-03-15	"9:40"	13	-1.09	29.77259966	0	0	0	-0.49
113	292	202	"Feb 2015"	2015-02-27	"13:10"	16	-0.45	33.43743191	0	0	0	-0.49
113	292	202	"Mar 2015"	2015-03-27	"10:06"	15	-0.49	32.07866168	0	0	0	-0.49
114	279	190	"Mar 2016"	2016-03-16	"10:50"	15	-0.78	30.12459329	0	0	0	-0.56
114	279	190	"Apr 2015"	2015-04-06	"10:30"	16	-0.67	29.31553675	0	0	0	-0.56
114	279	190	"Mar 2015"	2015-03-23	"10:20"	16	-0.45	33.83077948	0	0	0	-0.56
114	279	190	"Feb 2015"	2015-02-23	"11:03"	15	-0.24	34.14085111	0	0	0	-0.56
115	279	183.5	"Apr 2015"	2015-04-10	"13:34"	15	0	30.76724361	1	0	1	-0.5
115	279	183.5	"Mar 2016"	2016-03-15	"9:35"	16	-1.61	30.20242915	0	0	0	-0.5
115	279	183.5	"Feb 2015"	2015-02-25	"12:31"	16	-0.5	32.26437564	0	0	0	-0.5
115	279	183.5	"Mar 2015"	2015-03-27	"10:04"	16	-0.34	30.84050298	0	0	0	-0.5
116	262.5	180	"Mar 2016"	2016-03-14	"14:07"	15	-0.21	31.13207547	0	0	0	-0.275
116	262.5	180	"Feb 2015"	2015-02-27	"13:05"	17	-0.24	34.57104103	0	0	0	-0.275
116	262.5	180	"Apr 2015"	2015-04-06	"10:32"	15	-0.31	31.89350064	0	0	0	-0.275
116	262.5	180	"Mar 2015"	2015-03-27	"10:01"	15	-0.36	32.55600899	0	0	0	-0.275
117	261	157	"Feb 2015"	2015-02-25	"12:25"	15	-0.21	37.41371376	0	0	0	-0.24
117	261	157	"Mar 2016"	2016-03-15	"10:53"	15	-0.55	32.09868199	0	0	0	-0.24
117	261	157	"Apr 2015"	2015-04-10	"13:27"	16	-0.03	34.86187461	1	0	1	-0.24
117	261	157	"Mar 2015"	2015-03-23	"10:25"	15	-0.24	34.23791822	0	0	0	-0.24
118	241	168	"Apr 2015"	2015-04-10	"13:24"	16	0	38.27751196	1	0	1	-0.02
118	241	168	"Feb 2015"	2015-02-28	"14:21"	17	-0.14	35.62766306	0	0	0	-0.02
118	241	168	"Mar 2016"	2016-03-14	"14:04"	15	0	32.95625276	0	0	0	-0.02
118	241	168	"Mar 2015"	2015-03-27	"9:59"	16	-0.02	34.24657534	0	0	0	-0.02
119	242.5	142.5	"Feb 2015"	2015-02-28	"14:55"	15	-0.61	33.83060163	0	0	0	-0.655
119	242.5	142.5	"Mar 2015"	2015-03-23	"10:29"	15	-0.58	31.8967909	0	0	0	-0.655
119	242.5	142.5	"Apr 2015"	2015-04-06	"10:37"	17	-0.7	31.63832435	0	0	0	-0.655
119	242.5	142.5	"Mar 2016"	2016-03-14	"14:00"	15	-1.09	30.75313808	0	0	0	-0.655
120	221	153.5	"Mar 2016"	2016-03-16	"10:53"	15.5	-1.01	29.87782303	0	0	0	-0.29
120	221	153.5	"Apr 2015"	2015-04-10	"13:21"	15	-0.55	31.34444349	1	0	1	-0.29
120	221	153.5	"Mar 2015"	2015-03-27	"9:55"	16	-0.29	29.55369596	0	0	0	-0.29
120	221	153.5	"Feb 2015"	2015-02-25	"12:20"	17	-0.26	32.63646922	0	0	0	-0.29
121	219	131	"Apr 2015"	2015-04-10	"13:16"	13	-0.15	32.04710045	1	0	1	-0.43
121	219	131	"Mar 2016"	2016-03-15	"11:03"	15	-0.43	31.67445325	0	0	0	-0.43
121	219	131	"Mar 2015"	2015-03-27	"9:54"	15	-0.23	31.28340565	0	0	0	-0.43
121	219	131	"Feb 2015"	2015-02-25	"12:14"	16	-0.44	33.82423181	0	0	0	-0.43
122	196.5	139	"Feb 2015"	2015-02-25	"12:10"	16	-0.22	32.55629838	0	0	0	-0.34
122	196.5	139	"Mar 2015"	2015-03-27	"9:49"	16	-0.34	29.53691275	0	0	0	-0.34
122	196.5	139	"Mar 2016"	2016-03-14	"13:53"	15	-0.53	29.5247725	0	0	0	-0.34
122	196.5	139	"Apr 2015"	2015-04-10	"13:12"	16	-0.44	28.89313191	1	0	1	-0.34
123	206	115	"Mar 2015"	2015-03-27	"9:47"	15	-0.31	33.45952643	0	0	0	-0.375
123	206	115	"Feb 2015"	2015-02-27	"13:02"	16	-0.35	36.07251779	0	0	0	-0.375
123	206	115	"Apr 2015"	2015-04-06	"10:42"	15	-0.4	32.75198366	0	0	0	-0.375
123	206	115	"Mar 2016"	2016-03-14	"13:45"	16	-0.7	31.65256432	0	0	0	-0.375
124	186	111	"Mar 2016"	2016-03-15	"11:08"	15.5	-0.61	30.87005952	0	0	0	-0.44
124	186	111	"Mar 2015"	2015-03-23	"10:36"	15	-0.44	33.44389165	0	0	0	-0.44
124	186	111	"Apr 2015"	2015-04-10	"13:06"	14	-0.32	33.47427766	1	0	1	-0.44
124	186	111	"Feb 2015"	2015-02-23	"11:18"	15	-0.12	37.4886627	0	0	0	-0.44
125	206	95	"Apr 2015"	2015-04-10	"13:02"	15	-0.17	35.00519751	1	0	1	-0.16
125	206	95	"Mar 2015"	2015-03-27	"9:44"	15	-0.12	34.63731505	0	0	0	-0.16
125	206	95	"Feb 2015"	2015-02-25	"12:05"	15	-0.16	40.77661196	0	0	0	-0.16
125	206	95	"Mar 2016"	2016-03-14	"13:38"	15	-0.28	31.97448697	0	0	0	-0.16
126	182.5	83	"Mar 2015"	2015-03-27	"9:40"	16	-0.08	32.70718232	0	0	0	-0.08
126	182.5	83	"Feb 2015"	2015-02-25	"12:00"	16	-0.05	45.41718044	0	0	0	-0.08
126	182.5	83	"Mar 2016"	2016-03-16	"10:56"	15	-0.25	33.34087993	0	0	0	-0.08
126	182.5	83	"Apr 2015"	2015-04-10	"12:58"	15	-0.3	34.22319742	1	0	1	-0.08
127	204	70	"Mar 2016"	2016-03-16	"11:00"	15	-0.15	33.51369922	0	0	0	-0.245
127	204	70	"Feb 2015"	2015-02-25	"11:43"	16	-0.07	47.00967458	0	0	0	-0.245
127	204	70	"Apr 2015"	2015-04-06	"10:50"	16	-0.34	32.4891011	0	0	0	-0.245
127	204	70	"Mar 2015"	2015-03-23	"10:38"	15	-0.34	34.97241923	0	0	0	-0.245
128	180	63.5	"Mar 2016"	2016-03-15	"11:18"	15	-0.78	31.18905831	0	0	0	-0.35
128	180	63.5	"Feb 2015"	2015-02-27	"13:00"	15	-0.35	33.58046785	0	0	0	-0.35
128	180	63.5	"Mar 2015"	2015-03-27	"9:35"	15	-0.26	32.87194825	0	0	0	-0.35
128	180	63.5	"Apr 2015"	2015-04-10	"12:52"	16	-0.03	34.45238991	1	0	1	-0.35
129	196	43	"Apr 2015"	2015-04-06	"10:52"	15	-1.3	31.25853659	0	0	0	-0.995
129	196	43	"Feb 2015"	2015-02-23	"11:26"	15	-0.49	33.01645712	0	0	0	-0.995
129	196	43	"Mar 2016"	2016-03-14	"13:32"	15	-1.18	32.01762977	0	0	0	-0.995
129	196	43	"Mar 2015"	2015-03-23	"10:40"	15	-0.81	31.46067416	0	0	0	-0.995
130	179	44	"Mar 2016"	2016-03-16	"11:04"	15	-0.61	33.76194613	0	0	0	-0.43
130	179	44	"Apr 2015"	2015-04-10	"12:46"	15	-0.01	44.14096916	1	0	1	-0.43
130	179	44	"Feb 2015"	2015-02-27	"12:55"	16	0	40.60888252	0	0	0	-0.43
130	179	44	"Mar 2015"	2015-03-27	"9:28"	15	-0.43	33.76910839	0	0	0	-0.43
131	184	16	"Mar 2015"	2015-03-27	"9:25"	16	-0.51	33.006514	0	0	0	-0.51
131	184	16	"Mar 2016"	2016-03-16	"11:08"	16	-0.7	33.3303011	0	0	0	-0.51
131	184	16	"Feb 2015"	2015-02-27	"12:50"	16	-0.36	35.35609222	0	0	0	-0.51
131	184	16	"Apr 2015"	2015-04-10	"12:43"	14	-0.74	32.75100265	1	0	1	-0.51
132	157.5	25	"Mar 2016"	2016-03-14	"13:26"	15	-0.66	30.75341339	0	0	0	-0.06
132	157.5	25	"Feb 2015"	2015-02-28	"15:08"	15	-0.06	33.78127487	0	0	0	-0.06
132	157.5	25	"Mar 2015"	2015-03-27	"9:22"	16	-0.02	34.28329354	0	0	0	-0.06
132	157.5	25	"Apr 2015"	2015-04-10	"12:40"	15	-0.29	35.12924557	1	0	1	-0.06
133	154	6	"Feb 2015"	2015-02-23	"11:32"	16	-0.12	35.94409283	0	0	0	-0.22
133	154	6	"Apr 2015"	2015-04-10	"12:36"	17	-0.23	31.69265665	1	0	1	-0.22
133	154	6	"Mar 2015"	2015-03-23	"10:42"	15	-0.22	33.17667165	0	0	0	-0.22
133	154	6	"Mar 2016"	2016-03-15	"11:23"	15	-0.23	30.01853493	0	0	0	-0.22
134	141	22.5	"Mar 2016"	2016-03-14	"13:17"	15	-0.16	33.41666667	0	0	0	-0.11
134	141	22.5	"Feb 2015"	2015-02-25	"11:36"	16	0	45.05725637	0	0	0	-0.11
134	141	22.5	"Apr 2015"	2015-04-06	"10:57"	16	-0.16	36.10751015	0	0	0	-0.11
134	141	22.5	"Mar 2015"	2015-03-27	"9:17"	17	-0.06	35.28856738	0	0	0	-0.11
135	131	3.5	"Mar 2016"	2016-03-14	"13:10"	15.5	-0.11	31.75937904	0	0	0	0
135	131	3.5	"Mar 2015"	2015-03-27	"9:11"	15	0	33.66691561	0	0	0	0
135	131	3.5	"Apr 2015"	2015-04-10	"12:26"	15	0	38.5122108	1	0	1	0
135	131	3.5	"Feb 2015"	2015-02-28	"15:22"	15	0	37.95237067	0	0	0	0
136	116	16	"Mar 2015"	2015-03-23	"10:46"	15	-0.29	32.7486946	0	0	0	-0.355
136	116	16	"Feb 2015"	2015-02-25	"11:30"	14	0	49.5799191	0	0	0	-0.355
136	116	16	"Apr 2015"	2015-04-06	"11:00"	15	-0.51	30.63652174	0	0	0	-0.355
136	116	16	"Mar 2016"	2016-03-15	"11:31"	16.5	-0.42	30.9352518	0	0	0	-0.355
137	106	5	"Apr 2015"	2015-04-10	"12:22"	16	-0.15	34.21629021	1	0	1	-0.24
137	106	5	"Mar 2015"	2015-03-27	"9:07"	16	-0.43	31.68525975	0	0	0	-0.24
137	106	5	"Mar 2016"	2016-03-16	"11:11"	16	-0.24	30.72557141	0	0	0	-0.24
137	106	5	"Feb 2015"	2015-02-25	"11:54"	14	-0.2	35.14412417	0	0	0	-0.24
138	364.5	225	"Mar 2016"	2016-03-14	"12:56"	16	-1.04	28.07758486	0	0	0	-0.54
138	364.5	225	"Apr 2015"	2015-04-10	"10:25"	17	-0.6	31.98679868	1	0	1	-0.54
138	364.5	225	"Mar 2015"	2015-03-27	"11:31"	14	-0.54	29.36148451	0	0	0	-0.54
138	364.5	225	"Feb 2015"	2015-02-26	"10:37"	16	-0.3	30.6116208	0	0	0	-0.54
139	346	240	"Mar 2015"	2015-03-23	"11:04"	14	-0.04	34.86177663	0	0	0	-0.33
139	346	240	"Mar 2016"	2016-03-14	"12:48"	14.5	-0.72	24.97612985	0	0	0	-0.33
139	346	240	"Apr 2015"	2015-04-06	"11:22"	14	-0.62	31.63858014	0	0	0	-0.33
139	346	240	"Feb 2015"	2015-02-23	"11:47"	16	0	47.57599729	0	0	0	-0.33
140	363	249	"Apr 2015"	2015-04-10	"10:00"	16	0	31.02583781	1	0	1	0
140	363	249	"Mar 2015"	2015-03-23	"11:12"	17	0	NA	0	NA	0	0
140	363	249	"Mar 2016"	2016-03-15	"11:40"	15	-0.25	33.39769671	0	0	0	0
140	363	249	"Feb 2015"	2015-02-24	"13:58"	17	0	46.63221074	0	0	0	0
141	358	266	"Mar 2015"	2015-03-27	"11:25"	15	-0.34	28.26412832	0	0	0	-0.41
141	358	266	"Apr 2015"	2015-04-06	"11:30"	13	-0.48	32.14077225	0	0	0	-0.41
141	358	266	"Feb 2015"	2015-02-27	"12:15"	16	0	32.78316071	0	0	0	-0.41
141	358	266	"Mar 2016"	2016-03-14	"12:40"	15	-0.83	31.10250737	0	0	0	-0.41
142	381	261	"Mar 2016"	2016-03-15	"11:50"	15	-0.67	28.18630475	0	0	0	-0.15
142	381	261	"Feb 2015"	2015-02-26	"10:35"	17	-0.02	56.00328104	0	0	0	-0.15
142	381	261	"Mar 2015"	2015-03-23	"11:17"	15	-0.15	32.17485014	0	0	0	-0.15
142	381	261	"Apr 2015"	2015-04-10	"9:49"	17	0	28.80900472	1	0	1	-0.15
143	381	279	"Mar 2015"	2015-03-27	"11:17"	18	0	35.05608641	0	0	0	-0.035
143	381	279	"Apr 2015"	2015-04-06	"11:33"	15	-0.07	35.59730955	0	0	0	-0.035
143	381	279	"Feb 2015"	2015-02-27	"12:12"	16	0	33.04453673	0	0	0	-0.035
143	381	279	"Mar 2016"	2016-03-14	"12:36"	15.5	-0.42	31.23648161	0	0	0	-0.035
144	401	279	"Mar 2015"	2015-03-23	"11:23"	16	-0.23	31.29375729	0	0	0	-0.23
144	401	279	"Feb 2015"	2015-02-23	"11:57"	16	0	38.99924836	0	0	0	-0.23
144	401	279	"Mar 2016"	2016-03-16	"11:21"	15	-0.75	23.09350579	0	0	0	-0.23
144	401	279	"Apr 2015"	2015-04-10	"9:42"	16	0	30.70103655	1	0	1	-0.23
145	382.5	302.5	"Feb 2015"	2015-02-24	"13:43"	16	0	31.32680845	0	0	0	-0.82
145	382.5	302.5	"Mar 2016"	2016-03-16	"11:25"	14.5	-1.11	30.37037037	0	0	0	-0.82
145	382.5	302.5	"Mar 2015"	2015-03-27	"11:10"	17	-0.8	33.68689688	0	0	0	-0.82
145	382.5	302.5	"Apr 2015"	2015-04-06	"11:39"	15	-0.84	29.97627777	0	0	0	-0.82
146	408.5	309	"Mar 2016"	2016-03-15	"12:00"	15	-0.16	28.23127014	0	0	0	-0.27
146	408.5	309	"Apr 2015"	2015-04-10	"9:32"	16	-0.25	30.55258658	1	0	1	-0.27
146	408.5	309	"Mar 2015"	2015-03-27	"11:05"	16	-0.57	27.8844211	0	0	0	-0.27
146	408.5	309	"Feb 2015"	2015-02-26	"10:26"	17	-0.27	36.195849	0	0	0	-0.27
147	391	327.5	"Mar 2015"	2015-03-27	"11:01"	17	-0.6	31.53536258	0	0	0	-0.6
147	391	327.5	"Feb 2015"	2015-02-24	"13:34"	15	-0.01	38.61803863	0	0	0	-0.6
147	391	327.5	"Apr 2015"	2015-04-10	"9:26"	15	-0.22	30.53195976	1	0	1	-0.6
147	391	327.5	"Mar 2016"	2016-03-14	"12:33"	17	-0.81	31.5293459	0	0	0	-0.6
148	409	337	"Mar 2016"	2016-03-16	"11:30"	15.5	-0.32	31.4254062	0	0	0	-0.34
148	409	337	"Mar 2015"	2015-03-27	"10:55"	14	-0.66	32.11558308	0	0	0	-0.34
148	409	337	"Feb 2015"	2015-02-24	"13:28"	16	-0.34	36.93986978	0	0	0	-0.34
148	409	337	"Apr 2015"	2015-04-10	"9:22"	17	0	34.23096103	1	0	1	-0.34
149	392.5	347	"Apr 2015"	2015-04-10	"9:13"	15	-0.16	29.83226837	1	0	1	-0.74
149	392.5	347	"Feb 2015"	2015-02-27	"12:05"	16	-0.14	35.05966587	0	0	0	-0.74
149	392.5	347	"Mar 2015"	2015-03-27	"10:51"	16	-0.74	30.48207208	0	0	0	-0.74
149	392.5	347	"Mar 2016"	2016-03-15	"12:04"	16	-0.98	33.22686464	0	0	0	-0.74
150	408	363	"Feb 2015"	2015-02-23	"12:06"	16	-0.11	47.18866171	0	0	0	-0.7
150	408	363	"Mar 2016"	2016-03-14	"12:20"	15	-0.67	30.17816264	0	0	0	-0.7
150	408	363	"Apr 2015"	2015-04-06	"11:44"	15	-0.73	30.39901591	0	0	0	-0.7
150	408	363	"Mar 2015"	2015-03-23	"11:29"	15	-0.75	34.57636169	0	0	0	-0.7
151	393.5	366	"Mar 2015"	2015-03-27	"10:46"	14	-0.61	29.51030928	0	0	0	-0.61
151	393.5	366	"Feb 2015"	2015-02-24	"13:22"	16	-0.04	39.12757974	0	0	0	-0.61
151	393.5	366	"Apr 2015"	2015-04-10	"9:06"	17	-0.32	29.37654562	1	0	1	-0.61
151	393.5	366	"Mar 2016"	2016-03-15	"12:10"	16	-1.57	30.31910862	0	0	0	-0.61
152	636	496	"Mar 2016"	2016-03-14	"9:00"	14.8	-0.34	32.45331616	0	0	0	-0.305
152	636	496	"Feb 2015"	2015-02-27	"11:10"	14	-0.18	38.1699662	0	0	0	-0.305
152	636	496	"Mar 2015"	2015-03-24	"8:55"	16	-0.44	33.79337854	0	0	0	-0.305
152	636	496	"Apr 2015"	2015-04-07	"8:56"	15	-0.27	32.83385643	0	0	0	-0.305
153	632.5	472.5	"Feb 2015"	2015-02-26	"9:03"	15	-0.24	34.86701611	0	0	0	-0.32
153	632.5	472.5	"Apr 2015"	2015-04-07	"9:25"	15	-0.15	32.60061523	0	0	0	-0.32
153	632.5	472.5	"Mar 2016"	2016-03-14	"9:05"	15	-0.58	31.73494724	0	0	0	-0.32
153	632.5	472.5	"Mar 2015"	2015-03-24	"9:00"	15	-0.4	32.41596947	0	0	0	-0.32
154	612	483	"Feb 2015"	2015-02-27	"11:14"	16	-0.3	39.56023304	0	0	0	-0.48
154	612	483	"Mar 2016"	2016-03-16	"12:38"	16	-0.6	30.42375032	0	0	0	-0.48
154	612	483	"Apr 2015"	2015-04-07	"9:30"	13	-0.36	32.72134132	0	0	0	-0.48
154	612	483	"Mar 2015"	2015-03-24	"9:07"	13	-1	33.3294447	0	0	0	-0.48
155	610	468.5	"Apr 2015"	2015-04-06	"12:55"	15	-0.49	33.95012068	0	0	0	-0.35
155	610	468.5	"Mar 2015"	2015-03-23	"12:52"	15	-0.21	34.36363636	0	0	0	-0.35
155	610	468.5	"Mar 2016"	2016-03-15	"14:08"	15.5	-1.1	32.03309693	0	0	0	-0.35
155	610	468.5	"Feb 2015"	2015-02-23	"13:27"	16	-0.05	36.95696512	0	0	0	-0.35
156	584	475	"Feb 2015"	2015-02-26	"9:11"	17	-0.02	36.2735995	0	0	0	-0.315
156	584	475	"Apr 2015"	2015-04-07	"9:34"	15	-0.18	33.31693519	0	0	0	-0.315
156	584	475	"Mar 2015"	2015-03-24	"9:40"	15	-0.45	32.82528642	0	0	0	-0.315
156	584	475	"Mar 2016"	2016-03-14	"9:13"	15	-0.49	31.78082192	0	0	0	-0.315
157	575	458.5	"Apr 2015"	2015-04-07	"11:05"	13	-0.27	31.88786684	0	0	0	-0.415
157	575	458.5	"Feb 2015"	2015-02-26	"9:06"	15	-0.38	34.03704854	0	0	0	-0.415
157	575	458.5	"Mar 2016"	2016-03-15	"13:59"	14.5	-0.45	34.64829257	0	0	0	-0.415
157	575	458.5	"Mar 2015"	2015-03-24	"9:45"	16	-0.71	31.51654725	0	0	0	-0.415
158	559	468	"Apr 2015"	2015-04-06	"12:50"	15	-1.05	30.58510638	0	0	0	-0.27
158	559	468	"Mar 2016"	2016-03-14	"9:20"	15	-0.2	32.22131814	0	0	0	-0.27
158	559	468	"Mar 2015"	2015-03-24	"10:19"	16	-0.28	32.5565823	0	0	0	-0.27
158	559	468	"Feb 2015"	2015-02-26	"9:11"	15	-0.26	35.34457831	0	0	0	-0.27
159	553	450	"Mar 2015"	2015-03-24	"10:30"	15	-0.39	33.66555925	0	0	0	-0.535
159	553	450	"Feb 2015"	2015-02-24	"11:07"	15	-0.19	36.43960228	0	0	0	-0.535
159	553	450	"Apr 2015"	2015-04-07	"11:13"	16	-0.68	35.58542931	0	0	0	-0.535
159	553	450	"Mar 2016"	2016-03-16	"12:31"	15	-1.1	33.49084465	0	0	0	-0.535
160	530	457	"Feb 2015"	2015-02-26	"9:15"	16	-0.1	37.93201671	0	0	0	-0.35
160	530	457	"Mar 2015"	2015-03-23	"12:49"	17	-0.36	37.16997015	0	0	0	-0.35
160	530	457	"Apr 2015"	2015-04-06	"12:47"	15	-0.34	36.07549214	0	0	0	-0.35
160	530	457	"Mar 2016"	2016-03-16	"12:26"	15	-0.64	29.62364569	0	0	0	-0.35
161	529.5	434	"Feb 2015"	2015-02-26	"9:19"	17	0	48.67091712	0	0	0	-0.11
161	529.5	434	"Mar 2016"	2016-03-15	"13:32"	16	-0.41	36.07205624	0	0	0	-0.11
161	529.5	434	"Apr 2015"	2015-04-07	"11:18"	16	-0.06	36.50582129	0	0	0	-0.11
161	529.5	434	"Mar 2015"	2015-03-24	"11:11"	16	-0.16	35.33685601	0	0	0	-0.11
162	508	445	"Feb 2015"	2015-02-24	"11:13"	14	-0.09	37.40725037	0	0	0	-0.145
162	508	445	"Mar 2016"	2016-03-14	"9:23"	16	-0.08	30.68402643	0	0	0	-0.145
162	508	445	"Mar 2015"	2015-03-23	"12:45"	16	-0.29	32.71475808	0	0	0	-0.145
162	508	445	"Apr 2015"	2015-04-06	"12:45"	15	-0.2	27.74082655	0	0	0	-0.145
163	506	422.5	"Apr 2015"	2015-04-07	"11:21"	17	-0.48	31.1860843	0	0	0	-0.44
163	506	422.5	"Mar 2015"	2015-03-24	"11:20"	17	-0.4	32.6234676	0	0	0	-0.44
163	506	422.5	"Feb 2015"	2015-02-26	"9:24"	16	-0.25	33.66870573	0	0	0	-0.44
163	506	422.5	"Mar 2016"	2016-03-15	"13:25"	15	-1.59	29.55042045	0	0	0	-0.44
164	484	430	"Apr 2015"	2015-04-07	"11:30"	17	-0.31	36.46992534	0	0	0	-0.25
164	484	430	"Mar 2016"	2016-03-14	"9:33"	14.5	-0.21	30.52709314	0	0	0	-0.25
164	484	430	"Feb 2015"	2015-02-26	"9:29"	15	-0.01	37.15354368	0	0	0	-0.25
164	484	430	"Mar 2015"	2015-03-24	"11:25"	18	-0.29	34.50945241	0	0	0	-0.25
165	483	411	"Mar 2015"	2015-03-23	"12:40"	16	-0.32	32.87979816	0	0	0	-0.42
165	483	411	"Apr 2015"	2015-04-06	"12:42"	17	-0.54	30.35687621	0	0	0	-0.42
165	483	411	"Mar 2016"	2016-03-16	"12:20"	15	-0.52	30.91388081	0	0	0	-0.42
165	483	411	"Feb 2015"	2015-02-26	"9:34"	15	-0.27	34.97263425	0	0	0	-0.42
166	462.5	422.5	"Mar 2016"	2016-03-14	"9:40"	15	-0.07	31.07395153	0	0	0	-0.045
166	462.5	422.5	"Mar 2015"	2015-03-24	"11:30"	17	0	34.53332407	0	0	0	-0.045
166	462.5	422.5	"Feb 2015"	2015-02-26	"9:40"	16	-0.17	36.07013403	0	0	0	-0.045
166	462.5	422.5	"Apr 2015"	2015-04-07	"11:34"	14	-0.02	39.45470933	0	0	0	-0.045
167	451	399.5	"Mar 2015"	2015-03-24	"11:37"	17	0	34.32199283	0	0	0	-0.215
167	451	399.5	"Apr 2015"	2015-04-07	"11:38"	17	-0.43	32.08698373	0	0	0	-0.215
167	451	399.5	"Feb 2015"	2015-02-24	"11:21"	15	0	37.54876168	0	0	0	-0.215
167	451	399.5	"Mar 2016"	2016-03-15	"13:15"	16	-0.81	39.49270019	0	0	0	-0.215
168	437	418.5	"Feb 2015"	2015-02-24	"11:29"	14	-0.1	40.33333333	0	0	0	-0.14
168	437	418.5	"Apr 2015"	2015-04-07	"11:45"	16	-0.32	33.91940117	0	0	0	-0.14
168	437	418.5	"Mar 2015"	2015-03-24	"11:43"	16	0	34.7483989	0	0	0	-0.14
168	437	418.5	"Mar 2016"	2016-03-14	"9:46"	15	-0.18	32.52313814	0	0	0	-0.14
169	426	400	"Mar 2015"	2015-03-24	"11:49"	17	-0.31	33.20582878	0	0	0	-0.295
169	426	400	"Apr 2015"	2015-04-07	"11:50"	15	-0.61	31.82384407	0	0	0	-0.295
169	426	400	"Feb 2015"	2015-02-26	"9:25"	15	0	35.53693033	0	0	0	-0.295
169	426	400	"Mar 2016"	2016-03-14	"9:54"	15.5	-0.28	30.24729049	0	0	0	-0.295
170	409.5	408	"Mar 2015"	2015-03-23	"12:34"	16	0	57.47797684	0	0	0	-0.345
170	409.5	408	"Apr 2015"	2015-04-06	"12:36"	15	-0.69	37.16025415	0	0	0	-0.345
170	409.5	408	"Feb 2015"	2015-02-23	"13:06"	17	0	NA	0	NA	0	-0.345
170	409.5	408	"Mar 2016"	2016-03-15	"13:11"	16	-2.45	32.20883534	0	0	0	-0.345
171	393	388	"Apr 2015"	2015-04-07	"11:56"	14	-0.84	27.99145299	0	0	0	-0.76
171	393	388	"Feb 2015"	2015-02-24	"11:33"	15	0	33.12457848	0	0	0	-0.76
171	393	388	"Mar 2015"	2015-03-24	"12:00"	16	-0.68	29.46510274	0	0	0	-0.76
171	393	388	"Mar 2016"	2016-03-16	"11:34"	15	-1.82	23.03966488	0	0	0	-0.76
172	384	404	"Mar 2015"	2015-03-24	"12:04"	16	-0.7	24.89766862	0	0	0	-0.705
172	384	404	"Mar 2016"	2016-03-16	"11:38"	16	-0.71	30.43094313	0	0	0	-0.705
172	384	404	"Apr 2015"	2015-04-07	"12:01"	15	-0.91	32.02161189	0	0	0	-0.705
172	384	404	"Feb 2015"	2015-02-26	"9:45"	15	-0.36	34.80744426	0	0	0	-0.705
173	370	394	"Mar 2015"	2015-03-23	"12:31"	15	-0.85	31.32134801	0	0	0	-0.575
173	370	394	"Feb 2015"	2015-02-23	"13:00"	16	-0.21	36.17661816	0	0	0	-0.575
173	370	394	"Apr 2015"	2015-04-06	"12:31"	14	-0.6	32.79328288	0	0	0	-0.575
173	370	394	"Mar 2016"	2016-03-16	"11:42"	14.5	-0.55	31.88344595	0	0	0	-0.575
174	355	406	"Feb 2015"	2015-02-26	"9:48"	14	0	35.2856887	0	0	0	-0.465
174	355	406	"Mar 2016"	2016-03-14	"10:08"	16	-0.37	31.53366693	0	0	0	-0.465
174	355	406	"Mar 2015"	2015-03-24	"12:10"	18	-1.86	30.88872451	0	0	0	-0.465
174	355	406	"Apr 2015"	2015-04-06	"12:29"	15	-0.56	31.4948182	0	0	0	-0.465
175	341	391	"Feb 2015"	2015-02-26	"9:50"	16	-0.42	38.56250566	0	0	0	-0.425
175	341	391	"Apr 2015"	2015-04-07	"12:05"	16	-0.13	33.98369638	0	0	0	-0.425
175	341	391	"Mar 2015"	2015-03-23	"12:25"	15	-0.43	34.47796469	0	0	0	-0.425
175	341	391	"Mar 2016"	2016-03-15	"12:30"	15	-1.3	33.81557796	0	0	0	-0.425
176	327	407.5	"Apr 2015"	2015-04-07	"12:17"	17	-0.24	35.20066198	0	0	0	-0.18
176	327	407.5	"Mar 2016"	2016-03-14	"10:15"	15.5	-0.35	32.33749462	0	0	0	-0.18
176	327	407.5	"Feb 2015"	2015-02-26	"9:35"	15	-0.02	39.5744175	0	0	0	-0.18
176	327	407.5	"Mar 2015"	2015-03-24	"12:16"	18	-0.12	35.14755685	0	0	0	-0.18
177	316	392.5	"Mar 2015"	2015-03-23	"12:21"	17	-0.27	37.43197413	0	0	0	-0.275
177	316	392.5	"Apr 2015"	2015-04-06	"12:24"	15	-0.28	34.36709377	0	0	0	-0.275
177	316	392.5	"Mar 2016"	2016-03-14	"10:22"	16	-0.45	34.01495787	0	0	0	-0.275
177	316	392.5	"Feb 2015"	2015-02-27	"11:23"	16	-0.22	38.86774115	0	0	0	-0.275
178	304	407	"Mar 2015"	2015-03-24	"12:23"	16	-0.57	35.14834603	0	0	0	-0.555
178	304	407	"Feb 2015"	2015-02-27	"11:25"	15	-0.4	43.25002728	0	0	0	-0.555
178	304	407	"Mar 2016"	2016-03-14	"10:30"	15	-0.54	33.01225003	0	0	0	-0.555
178	304	407	"Apr 2015"	2015-04-07	"12:18"	14	-0.78	36.88914027	0	0	0	-0.555
179	288	396	"Feb 2015"	2015-02-26	"9:56"	16	-0.25	34.00546569	0	0	0	-0.28
179	288	396	"Apr 2015"	2015-04-07	"12:30"	17	-0.3	32.82396088	0	0	0	-0.28
179	288	396	"Mar 2015"	2015-03-27	"10:40"	16	-0.26	33.36237693	0	0	0	-0.28
179	288	396	"Mar 2016"	2016-03-15	"12:35"	16	-0.79	32.6795977	0	0	0	-0.28
180	281.5	408	"Feb 2015"	2015-02-27	"11:58"	16	-0.15	36.67729233	0	0	0	-0.37
180	281.5	408	"Mar 2016"	2016-03-14	"10:40"	16	-0.54	33.09405679	0	0	0	-0.37
180	281.5	408	"Mar 2015"	2015-03-23	"12:15"	16	-0.33	35.21390166	0	0	0	-0.37
180	281.5	408	"Apr 2015"	2015-04-06	"12:20"	16	-0.41	35.48984996	0	0	0	-0.37
181	265	401.5	"Feb 2015"	2015-02-27	"11:56"	18	-0.05	40.26678725	0	0	0	-0.27
181	265	401.5	"Mar 2015"	2015-03-24	"12:45"	18	-0.45	36.80988817	0	0	0	-0.27
181	265	401.5	"Mar 2016"	2016-03-14	"10:50"	16.5	-0.33	34.01095987	0	0	0	-0.27
181	265	401.5	"Apr 2015"	2015-04-07	"12:38"	16	-0.21	38.24411135	0	0	0	-0.27
182	257.5	422.5	"Mar 2016"	2016-03-15	"12:40"	15	-0.49	36.06859672	0	0	0	-0.34
182	257.5	422.5	"Feb 2015"	2015-02-23	"12:50"	16	-0.16	40.81592237	0	0	0	-0.34
182	257.5	422.5	"Mar 2015"	2015-03-23	"12:11"	16	-0.19	33.9269103	0	0	0	-0.34
182	257.5	422.5	"Apr 2015"	2015-04-07	"13:14"	19	-0.57	32.14422219	0	0	0	-0.34
183	240	409	"Feb 2015"	2015-02-24	"12:26"	16	-0.01	45.88657252	0	0	0	-0.14
183	240	409	"Apr 2015"	2015-04-06	"12:17"	16	-0.18	37.10376477	0	0	0	-0.14
183	240	409	"Mar 2016"	2016-03-14	"10:55"	15.5	-0.1	36.81744286	0	0	0	-0.14
183	240	409	"Mar 2015"	2015-03-24	"13:22"	16	-0.25	38.45149254	0	0	0	-0.14
184	232	428	"Feb 2015"	2015-02-27	"11:53"	17	-0.41	39.02659308	0	0	0	-0.505
184	232	428	"Apr 2015"	2015-04-07	"13:36"	16	-0.47	36.13437289	0	0	0	-0.505
184	232	428	"Mar 2016"	2016-03-15	""	NA	-0.94	35.53932755	0	NA	0	-0.505
184	232	428	"Mar 2015"	2015-03-24	"13:29"	14	-0.54	33.4195551	0	0	0	-0.505
185	214.5	414.5	"Mar 2015"	2015-03-24	"13:33"	15	-0.4	39.17270301	0	0	0	-0.2475
185	214.5	414.5	"Apr 2015"	2015-04-07	"13:40"	17	-0.305	38.94171779	0	0	0	-0.2475
185	214.5	414.5	"Mar 2016"	2016-03-16	"11:48"	15	-0.19	39.1045991	0	0	0	-0.2475
185	214.5	414.5	"Feb 2015"	2015-02-27	"11:50"	17	0	44.230554	0	0	0	-0.2475
186	204	436	"Mar 2016"	2016-03-14	"11:15"	16	-0.14	37.22894078	0	0	0	-0.28
186	204	436	"Apr 2015"	2015-04-07	"13:47"	16	-0.88	36.8139345	0	0	0	-0.28
186	204	436	"Feb 2015"	2015-02-27	"11:47"	17	0	44.6468853	0	0	0	-0.28
186	204	436	"Mar 2015"	2015-03-24	"13:40"	15	-0.42	37.50379593	0	0	0	-0.28
187	191	419	"Mar 2016"	2016-03-14	"11:24"	16	-1.16	32.50109505	0	0	0	-0.25
187	191	419	"Apr 2015"	2015-04-06	"12:11"	16	-0.19	35.23294157	0	0	0	-0.25
187	191	419	"Feb 2015"	2015-02-23	"12:43"	15	0	56.47331115	0	0	0	-0.25
187	191	419	"Mar 2015"	2015-03-23	"12:07"	17	-0.31	37.58227496	0	0	0	-0.25
188	177	439	"Mar 2016"	2016-03-14	"11:27"	16	-0.56	35.88210167	0	0	0	-0.19
188	177	439	"Feb 2015"	2015-02-24	"12:40"	17	0	45.97198768	0	0	0	-0.19
188	177	439	"Apr 2015"	2015-04-07	"13:50"	17	-0.38	37.22929131	0	0	0	-0.19
188	177	439	"Mar 2015"	2015-03-24	"13:44"	16	0	36.89211151	0	0	0	-0.19
189	163	422.5	"Feb 2015"	2015-02-24	"12:48"	15	-0.07	38.31065854	0	0	0	-0.315
189	163	422.5	"Apr 2015"	2015-04-07	"13:54"	17	-0.55	33.71871275	0	0	0	-0.315
189	163	422.5	"Mar 2015"	2015-03-27	"10:32"	17	-0.22	35.26838496	0	0	0	-0.315
189	163	422.5	"Mar 2016"	2016-03-16	"11:53"	15	-0.41	36.07760881	0	0	0	-0.315
190	155	442.5	"Apr 2015"	2015-04-07	"14:01"	17	-0.75	35.01154227	0	0	0	-0.73
190	155	442.5	"Feb 2015"	2015-02-26	"10:03"	16	-0.36	39.93177125	0	0	0	-0.73
190	155	442.5	"Mar 2015"	2015-03-24	"13:50"	14	-0.99	33.60733858	0	0	0	-0.73
190	155	442.5	"Mar 2016"	2016-03-14	"11:34"	15	-0.71	33.488719	0	0	0	-0.73
191	137.5	425	"Mar 2016"	2016-03-16	"11:56"	15.5	-0.44	32.41272446	0	0	0	-0.23
191	137.5	425	"Apr 2015"	2015-04-06	"12:08"	17	-0.3	35.87888982	0	0	0	-0.23
191	137.5	425	"Mar 2015"	2015-03-23	"12:02"	16	-0.16	38.11226314	0	0	0	-0.23
191	137.5	425	"Feb 2015"	2015-02-23	"12:36"	15	-0.05	38.39092316	0	0	0	-0.23
192	125	444	"Feb 2015"	2015-02-26	"10:10"	17	-0.02	47.66818412	0	0	0	-0.495
192	125	444	"Mar 2015"	2015-03-24	"13:53"	15	-0.42	33.7378924	0	0	0	-0.495
192	125	444	"Mar 2016"	2016-03-14	"11:45"	16	-0.64	30.28901734	0	0	0	-0.495
192	125	444	"Apr 2015"	2015-04-07	"14:06"	16	-0.57	34.82661925	0	0	0	-0.495
193	116	423	"Apr 2015"	2015-04-13	"9:11"	20	0	50.85913505	1	0	1	0
193	116	423	"Mar 2015"	2015-03-24	"13:57"	18	0	49.98840714	0	0	0	0
193	116	423	"Mar 2016"	2016-03-16	"11:59"	15.5	-0.54	33.58143608	0	0	0	0
193	116	423	"Feb 2015"	2015-02-26	"10:15"	18	0	55.45333629	0	0	0	0
194	98.5	431	"Mar 2016"	2016-03-16	"12:00"	15	-0.79	31.69167335	0	0	0	-0.095
194	98.5	431	"Apr 2015"	2015-04-06	"12:06"	17	-0.19	33.44887348	0	0	0	-0.095
194	98.5	431	"Feb 2015"	2015-02-23	"12:29"	16	0	54.91357428	0	0	0	-0.095
194	98.5	431	"Mar 2015"	2015-03-23	"11:54"	15	0	42.54138267	0	0	0	-0.095
195	94	410	"Apr 2015"	2015-04-06	"12:04"	16	0	42.96936994	0	0	0	0
195	94	410	"Mar 2016"	2016-03-14	"11:53"	15	-0.02	41.7113644	0	0	0	0
195	94	410	"Mar 2015"	2015-03-23	"11:50"	16	0	45.04112623	0	0	0	0
195	94	410	"Feb 2015"	2015-02-27	"11:41"	18	0	57.69393811	0	0	0	0
196	73	419	"Mar 2015"	2015-03-27	"10:22"	18	-0.17	34.24393661	0	0	0	-0.185
196	73	419	"Feb 2015"	2015-02-24	"13:06"	15	0	44.68432163	0	0	0	-0.185
196	73	419	"Apr 2015"	2015-04-06	"11:58"	16	-0.2	35.73290724	0	0	0	-0.185
196	73	419	"Mar 2016"	2016-03-16	"12:05"	15	-0.62	31.27952352	0	0	0	-0.185
197	71	392	"Apr 2015"	2015-04-13	"9:17"	17	-0.24	34.46666667	1	0	1	0
197	71	392	"Feb 2015"	2015-02-24	"12:58"	16	0	37.08147321	0	0	0	0
197	71	392	"Mar 2016"	2016-03-16	"12:09"	16	-0.68	33.85489336	0	0	0	0
197	71	392	"Mar 2015"	2015-03-23	"11:44"	16	0	34.41574416	0	0	0	0
198	51.5	409	"Mar 2016"	2016-03-14	"11:58"	15	-0.59	31.95254168	0	0	0	-0.32
198	51.5	409	"Apr 2015"	2015-04-13	"9:27"	17	-0.99	32.46280223	1	0	1	-0.32
198	51.5	409	"Mar 2015"	2015-03-27	"10:07"	16	-0.18	33.61344538	0	0	0	-0.32
198	51.5	409	"Feb 2015"	2015-02-27	"11:39"	17	-0.32	37.6282466	0	0	0	-0.32
199	47.5	391	"Mar 2016"	2016-03-15	""	NA	-1.36	33.60945724	0	NA	0	-0.37
199	47.5	391	"Mar 2015"	2015-03-23	"11:39"	18	-0.36	37.14663413	0	0	0	-0.37
199	47.5	391	"Apr 2015"	2015-04-06	"11:55"	15	-0.25	35.90341227	0	0	0	-0.37
199	47.5	391	"Feb 2015"	2015-02-23	"12:19"	15	-0.38	42.3966093	0	0	0	-0.37
200	31.5	400	"Mar 2015"	2015-03-27	"10:02"	18	0	33.0825047	0	0	0	-0.15
200	31.5	400	"Mar 2016"	2016-03-16	"12:13"	15	-0.58	32.12643198	0	0	0	-0.15
200	31.5	400	"Feb 2015"	2015-02-27	"11:33"	18	-0.15	34.6675368	0	0	0	-0.15
200	31.5	400	"Apr 2015"	2015-04-13	"9:32"	16	-0.39	34.17003474	1	0	1	-0.15
