"site"	"x"	"y"	"swp"	"swc"
4	843	409	-8.79	20.73279714
4	843	409	-6.58	22.47542449
4	843	409	-4.08	24.75424486
4	843	409	-3.02	26.27345845
4	843	409	-1.55	28.50759607
4	843	409	-0.51	30.78641644
4	843	409	-0.05	32.7077748
4	843	409	0	34.94191242
4	843	409	0	36.50580876
9	846	339	-8.49	24.44076222
9	846	339	-5.92	26.84341342
9	846	339	-4.64	28.55564761
9	846	339	-3.53	30.15741508
9	846	339	-2.04	32.8086164
9	846	339	-1.14	35.01795084
9	846	339	-0.09	39.18806959
9	846	339	0	42.19828777
17	873	244	-7.52	22.18396458
17	873	244	-6.72	22.84800787
17	873	244	-4.75	24.71716675
17	873	244	-3.27	26.43876045
17	873	244	-2.33	27.64387605
17	873	244	-1.52	29.73438269
17	873	244	-0.46	32.68568618
17	873	244	-0.27	33.57107723
17	873	244	-0.01	35.12051156
17	873	244	0	38.14559764
24	936.5	172.5	-9.09	22.21717401
24	936.5	172.5	-8.31	22.78509768
24	936.5	172.5	-7.45	23.44388914
24	936.5	172.5	-6.23	24.53430259
24	936.5	172.5	-5.42	25.30667878
24	936.5	172.5	-4.38	26.21535666
24	936.5	172.5	-3.22	27.46478873
24	936.5	172.5	-2.07	29.07769196
24	936.5	172.5	-1.28	30.66787824
24	936.5	172.5	-0.7	31.71285779
24	936.5	172.5	-0.04	33.41662881
24	936.5	172.5	0	34.9159473
28	946	123	-10	22.03643624
28	946	123	-7.93	23.20938358
28	946	123	-6.08	24.68180684
28	946	123	-4.69	25.82979785
28	946	123	-3.2	27.45195907
28	946	123	-1.56	29.54829049
28	946	123	-0.63	30.72123783
28	946	123	0	31.49488395
35	970	38	-9.85	22.24203822
35	970	38	-7.32	23.82165605
35	970	38	-5.84	25.17197452
35	970	38	-3.95	27.00636943
35	970	38	-2.83	28.53503185
35	970	38	-0.83	31.82165605
35	970	38	0	34.5477707
36	994.5	37.5	-8.85	20.33814023
36	994.5	37.5	-8.46	20.83540527
36	994.5	37.5	-5.96	22.05370462
36	994.5	37.5	-5	23.04823471
36	994.5	37.5	-4.08	23.81899552
36	994.5	37.5	-3.14	24.16708105
36	994.5	37.5	-2.13	25.45997016
36	994.5	37.5	-1.6	26.20586773
36	994.5	37.5	0	28.21979115
38	995.5	247	-8.77	24.13955681
38	995.5	247	-7.44	25.12965582
38	995.5	247	-5.91	26.28477133
38	995.5	247	-4.41	27.62847713
38	995.5	247	-3.4	28.80716643
38	995.5	247	-2.05	30.50447902
38	995.5	247	-1.02	31.94247996
38	995.5	247	-0.37	33.14474305
38	995.5	247	0	34.58274399
38	995.5	247	0	35.78500707
56	875	429	-8.48	22.59241245
56	875	429	-7.51	23.78404669
56	875	429	-6.39	24.82976654
56	875	429	-6.04	25.19455253
56	875	429	-4.45	26.70233463
56	875	429	-3.43	27.96692607
56	875	429	-2.04	29.8151751
56	875	429	-1.64	31.34727626
56	875	429	-0.83	33.04961089
56	875	429	-0.45	34.80058366
56	875	429	-0.17	36.1381323
56	875	429	0	38.15661479
67	715	448	-9.55	22.98136646
67	715	448	-7.75	24.28275658
67	715	448	-5.33	26.41230405
67	715	448	-4	27.92073351
67	715	448	-2.71	28.98550725
67	715	448	-1.28	30.84886128
67	715	448	-0.07	33.18544809
76	673	340	-9.94	23.27909887
76	673	340	-7.55	25.30663329
76	673	340	-5.29	27.43429287
76	673	340	-4.1	29.01126408
76	673	340	-2.64	30.88861076
76	673	340	-1.99	32.21526909
76	673	340	-1.4	33.41677096
76	673	340	-0.82	34.66833542
76	673	340	-0.24	36.07008761
76	673	340	0	37.94743429
86	585	253	-9.81	23.32252432
86	585	253	-9.11	24.07084061
86	585	253	-7.71	25.21825892
86	585	253	-6.44	26.19107009
86	585	253	-4.84	27.58792716
86	585	253	-3.61	29.00972811
86	585	253	-2	30.60613619
86	585	253	-0.64	32.40209529
86	585	253	0	33.49962584
93	521	174	-9.89	22.30931565
93	521	174	-7.55	23.93729273
93	521	174	-5.36	25.62556527
93	521	174	-3.94	27.31383781
93	521	174	-2.72	29.30358758
93	521	174	-1.81	30.7205306
93	521	174	-0.79	32.34850769
93	521	174	-0.06	34.18751884
108	351.5	226	-10.52	21.56640182
108	351.5	226	-9.09	22.50283768
108	351.5	226	-8.45	23.04199773
108	351.5	226	-5.87	24.71623156
108	351.5	226	-4.44	25.87968218
108	351.5	226	-2.74	27.58229285
108	351.5	226	-0.82	29.51191827
108	351.5	226	0	30.81725312
117	261	157	-9.75	22.84965452
117	261	157	-7.04	25.01786991
117	261	157	-4.34	27.44817727
117	261	157	-3.46	28.44889207
117	261	157	-2.25	29.99761735
117	261	157	-1.47	31.1412914
117	261	157	-0.67	32.57088396
117	261	157	-0.1	34.07195616
117	261	157	0	35.38241601
134	141	22.5	-9.37	23.21759873
134	141	22.5	-6.64	25.52345614
134	141	22.5	-5.03	26.92817387
134	141	22.5	-3.03	29.68460111
134	141	22.5	-1.97	31.80492976
134	141	22.5	-1.52	33.28915982
134	141	22.5	-0.9	35.4890008
134	141	22.5	-0.51	37.82136231
134	141	22.5	-0.26	39.78266631
134	141	22.5	-0.06	41.42592102
134	141	22.5	0	42.9896634
134	141	22.5	0	44.18234826
140	363	249	-9.51	22.59533295
140	363	249	-6.93	25.64029596
140	363	249	-4.29	28.48605578
140	363	249	-2.5	31.55947638
140	363	249	-1.78	32.89698349
140	363	249	-0.73	36.34035287
140	363	249	-0.48	37.67785999
140	363	249	-0.27	39.21457029
140	363	249	-0.11	40.6374502
140	363	249	-0.02	42.06033011
140	363	249	0	43.39783722
140	363	249	0	45.2760387
141	358	266	-10.29	18.94202511
141	358	266	-8.02	20.33128507
141	358	266	-6.05	21.74726155
141	358	266	-4.7	23.00293882
141	358	266	-3.8	23.83115148
141	358	266	-2.71	25.14026182
141	358	266	-1.5	27.25086829
141	358	266	-0.84	28.21266364
141	358	266	-0.69	28.85386054
141	358	266	0	32.22014427
143	381	279	-9.6	23.03797468
143	381	279	-8.24	23.85372714
143	381	279	-6.61	25.26019691
143	381	279	-4.76	26.69479606
143	381	279	-3.96	27.73558368
143	381	279	-3.22	28.72011252
143	381	279	-2.27	29.87341772
143	381	279	-1.49	30.97046414
143	381	279	-1.03	31.7580872
143	381	279	-0.14	33.78340366
143	381	279	0	36.20253165
157	575	458.5	-11.1	21.71168011
157	575	458.5	-9.12	23.43037531
157	575	458.5	-5.74	26.65731322
157	575	458.5	-4.31	27.77972641
157	575	458.5	-1.98	30.30515609
157	575	458.5	0.01	34.47913013
168	437	418.5	-9	21.91695286
168	437	418.5	-7.38	23.13456135
168	437	418.5	-5.01	24.78926007
168	437	418.5	-3.16	26.72494536
168	437	418.5	-1.59	28.69185139
168	437	418.5	-0.7	30.25288792
168	437	418.5	0	32.09491102
168	437	418.5	0	33.84327193
175	341	391	-9.84	23.40425532
175	341	391	-7.28	24.82269504
175	341	391	-4.3	27.85815603
175	341	391	-2.73	30.29787234
175	341	391	-1.7	32.02836879
175	341	391	-0.81	33.90070922
175	341	391	-0.19	36
175	341	391	0	38.5248227
176	327	407.5	-9.18	23.98564725
176	327	407.5	-6.6	26.02815346
176	327	407.5	-4.66	27.68423958
176	327	407.5	-3.33	29.31272426
176	327	407.5	-2.46	30.88600607
176	327	407.5	-1.4	33.20452664
176	327	407.5	-0.76	34.88821419
176	327	407.5	-0.26	36.32348882
176	327	407.5	0	37.8691692
184	232	428	-8.46	25.10835913
184	232	428	-6.65	26.25386997
184	232	428	-4.64	28.32817337
184	232	428	-3.25	30.24767802
184	232	428	-2.07	32.16718266
184	232	428	-1.25	33.77708978
184	232	428	-0.85	34.39628483
184	232	428	-0.17	36.25386997
184	232	428	0	37.30650155
194	98.5	431	-9.13	21.89197827
194	98.5	431	-4.78	25.85490572
194	98.5	431	-2.18	29.7219559
194	98.5	431	-1.03	34.00447427
194	98.5	431	-0.34	38.4787472
194	98.5	431	-0.02	41.77053372
194	98.5	431	0	46.78811122
